K_POINTS (crystal)
  36
 0.0000  0.0000  0.0000 1 !G
 0.1000  0.0000  0.0000 1
 0.2000  0.0000  0.0000 1
 0.3000  0.0000  0.0000 1
 0.4000  0.0000  0.0000 1
 0.5000  0.0000  0.0000 1 !M
 0.5000  0.0000  0.1000 1
 0.5000  0.0000  0.2000 1
 0.5000  0.0000  0.3000 1
 0.5000  0.0000  0.4000 1
 0.5000  0.0000  0.5000 1 !L
 0.4000  0.0000  0.5000 1
 0.3000  0.0000  0.5000 1
 0.2000  0.0000  0.5000 1
 0.1000  0.0000  0.5000 1
 0.0000  0.0000  0.5000 1 !A
 0.0000  0.0000  0.4000 1
 0.0000  0.0000  0.3000 1
 0.0000  0.0000  0.2000 1
 0.0000  0.0000  0.1000 1
 0.0000  0.0000  0.0000 1 !G
 0.1333  0.0666  0.0000 1
 0.2666  0.1333  0.0000 1
 0.3999  0.1999  0.0000 1
 0.5333  0.2666  0.0000 1
 0.6666  0.3333  0.0000 1 !K
 0.6666  0.3333  0.1000 1
 0.6666  0.3333  0.2000 1
 0.6666  0.3333  0.3000 1
 0.6666  0.3333  0.4000 1
 0.6666  0.3333  0.5000 1 !H
 0.5333  0.2666  0.5000 1
 0.3999  0.1999  0.5000 1
 0.2666  0.1333  0.5000 1
 0.1333  0.0666  0.5000 1
 0.0000  0.0000  0.5000 1 !A




K_POINTS (crystal_b)
6
0.0000 0.0000 0.0000 40 ! Γ
0.5000 0.0000 0.0000 40 ! M
0.5000 0.0000 0.5000 40 ! L
0.0000 0.0000 0.5000 40 ! A
0.0000 0.0000 0.0000 40 ! Γ
0.6666 0.3333 0.0000 40 ! K
0.6666 0.3333 0.5000 40 ! H
0.0000 0.0000 0.5000  1 ! A
