# Filename: xfset/XFSET.zno_mlff01, Snapshot: 1
    0.01889726124994     0.00000000000000     0.00000000000000      -1.48257275E-03  1.03998561E-05  1.04611301E-05
    0.00000000000000     0.00000000000000     0.00000000000000       6.79382417E-05 -1.27618850E-04 -6.24083304E-05
    0.00000000000000     0.00000000000000     0.00000000000000       2.21550181E-04  4.96559702E-07 -3.76302492E-06
    0.00000000000000     0.00000000000000     0.00000000000000       1.41778640E-05 -1.01113751E-05 -1.61349707E-04
    0.00000000000000     0.00000000000000     0.00000000000000      -1.39392848E-04  2.11742379E-07 -2.36639111E-07
    0.00000000000000     0.00000000000000     0.00000000000000       6.78611902E-05 -1.28361254E-04  8.79548041E-05
    0.00000000000000     0.00000000000000     0.00000000000000       9.35453202E-05  4.81086525E-07 -1.30707079E-06
    0.00000000000000     0.00000000000000     0.00000000000000       3.92463311E-04 -1.25850209E-04 -2.16525583E-04
    0.00000000000000     0.00000000000000     0.00000000000000       3.18919111E-04  1.88141002E-05  5.43435394E-05
    0.00000000000000     0.00000000000000     0.00000000000000      -1.58641347E-04  4.01482583E-06 -8.17766972E-06
    0.00000000000000     0.00000000000000     0.00000000000000       2.85414232E-05  1.52455783E-05  1.62344219E-04
    0.00000000000000     0.00000000000000     0.00000000000000      -6.84461085E-07 -1.91577698E-06  2.79308442E-06
    0.00000000000000     0.00000000000000     0.00000000000000       1.10288134E-04 -2.02411769E-04 -5.11524065E-05
    0.00000000000000     0.00000000000000     0.00000000000000      -1.58660454E-04  4.65357319E-06  7.06277148E-06
    0.00000000000000     0.00000000000000     0.00000000000000      -7.78081954E-05  1.14539373E-04  1.55440291E-04
    0.00000000000000     0.00000000000000     0.00000000000000       1.73773031E-04 -3.74023999E-06  1.13523812E-06
    0.00000000000000     0.00000000000000     0.00000000000000       2.86090090E-04 -1.33957410E-07  1.68841136E-07
    0.00000000000000     0.00000000000000     0.00000000000000       5.54157248E-05  1.26885754E-04  4.66082414E-05
    0.00000000000000     0.00000000000000     0.00000000000000       1.88436550E-06  1.58164978E-06  7.36635756E-06
    0.00000000000000     0.00000000000000     0.00000000000000       2.00272002E-05  1.04363574E-05  1.63684052E-04
    0.00000000000000     0.00000000000000     0.00000000000000       4.60448994E-04 -7.23097322E-08  2.02865353E-07
    0.00000000000000     0.00000000000000     0.00000000000000       5.55110986E-05  1.26175517E-04 -7.29400893E-05
    0.00000000000000     0.00000000000000     0.00000000000000      -2.77025031E-04  1.05175545E-06  9.92245064E-07
    0.00000000000000     0.00000000000000     0.00000000000000       3.40717822E-04  9.70455453E-05  1.96358390E-04
    0.00000000000000     0.00000000000000     0.00000000000000       3.17358776E-04 -1.84922077E-05 -5.54890934E-05
   -0.00000000000000     0.00000000000000     0.00000000000000      -5.06411506E-04  6.07026134E-06  9.29594950E-06
    0.00000000000000     0.00000000000000     0.00000000000000       3.13279984E-05 -1.71522534E-05 -1.49721707E-04
   -0.00000000000000     0.00000000000000     0.00000000000000      -1.18153833E-05  1.36629066E-06 -4.55879331E-06
    0.00000000000000     0.00000000000000     0.00000000000000       1.09787194E-04  2.02214951E-04  5.15866406E-05
   -0.00000000000000     0.00000000000000     0.00000000000000      -5.06395595E-04  6.90725412E-06 -8.44781741E-06
    0.00000000000000     0.00000000000000     0.00000000000000      -7.67637131E-05 -1.16116560E-04 -1.57960137E-04
   -0.00000000000000     0.00000000000000     0.00000000000000       2.28544214E-04  3.38473048E-06 -3.76059131E-06
# Filename: xfset/XFSET.zno_mlff02, Snapshot: 1
    0.00000000000000     0.01889726124994     0.00000000000000      -6.54777280E-13 -1.49297475E-03  1.06693300E-05
    0.00000000000000     0.00000000000000     0.00000000000000      -1.24675594E-04 -8.99377380E-05  2.33448137E-05
    0.00000000000000     0.00000000000000     0.00000000000000      -7.75153620E-14  2.21053422E-04 -3.78665552E-06
    0.00000000000000     0.00000000000000     0.00000000000000      -1.14767391E-05  7.46502898E-06  9.60965300E-05
    0.00000000000000     0.00000000000000     0.00000000000000       7.42871758E-15 -1.39604530E-04 -2.35801040E-07
    0.00000000000000     0.00000000000000     0.00000000000000      -1.23900366E-04 -8.96282785E-05 -3.92044906E-05
    0.00000000000000     0.00000000000000     0.00000000000000      -4.26665088E-14  9.30643401E-05 -1.32967522E-06
    0.00000000000000     0.00000000000000     0.00000000000000      -1.05093575E-04  2.33840067E-04  1.16509051E-04
    0.00000000000000     0.00000000000000     0.00000000000000       1.88032105E-05  2.97149143E-04  3.16345125E-05
    0.00000000000000     0.00000000000000     0.00000000000000      -2.43514140E-13  1.41306806E-04 -7.07885467E-05
    0.00000000000000     0.00000000000000     0.00000000000000       1.47193116E-05  1.05294410E-05  9.71380027E-05
    0.00000000000000     0.00000000000000     0.00000000000000       3.66379684E-14  2.01810378E-05 -1.87016508E-04
    0.00000000000000     0.00000000000000     0.00000000000000      -2.02311882E-04  3.43889008E-04 -2.94484418E-05
    0.00000000000000     0.00000000000000     0.00000000000000      -1.92368781E-13  1.41500952E-04  1.00579040E-04
    0.00000000000000     0.00000000000000     0.00000000000000       1.14259218E-04 -2.10574999E-04  9.07000386E-05
    0.00000000000000     0.00000000000000     0.00000000000000      -8.73166019E-14  4.71820439E-04 -2.52279259E-04
    0.00000000000000     0.00000000000000     0.00000000000000       4.19275264E-14  3.27882065E-04 -6.42249322E-05
    0.00000000000000     0.00000000000000     0.00000000000000       1.24675595E-04 -8.99377378E-05  2.33448136E-05
    0.00000000000000     0.00000000000000     0.00000000000000       5.42179702E-14  4.10201945E-05 -1.74173851E-04
    0.00000000000000     0.00000000000000     0.00000000000000       1.14767391E-05  7.46502893E-06  9.60965299E-05
    0.00000000000000     0.00000000000000     0.00000000000000      -2.80035427E-15 -6.98454006E-06  5.95404148E-05
    0.00000000000000     0.00000000000000     0.00000000000000       1.23900366E-04 -8.96282783E-05 -3.92044906E-05
    0.00000000000000     0.00000000000000     0.00000000000000       5.39457135E-14 -9.92171679E-06 -1.82964862E-04
    0.00000000000000     0.00000000000000     0.00000000000000       1.05093578E-04  2.33840069E-04  1.16509052E-04
    0.00000000000000     0.00000000000000     0.00000000000000      -1.88032105E-05  2.97149143E-04  3.16345125E-05
   -0.00000000000000     0.00000000000000     0.00000000000000      -4.04378935E-13 -5.12482166E-04  9.28432749E-06
    0.00000000000000     0.00000000000000     0.00000000000000      -1.47193116E-05  1.05294410E-05  9.71380029E-05
   -0.00000000000000     0.00000000000000     0.00000000000000      -3.02982775E-14 -1.31816275E-05 -4.59242672E-06
    0.00000000000000     0.00000000000000     0.00000000000000       2.02311882E-04  3.43889008E-04 -2.94484417E-05
   -0.00000000000000     0.00000000000000     0.00000000000000      -4.04651192E-13 -5.13303207E-04 -8.44457870E-06
    0.00000000000000     0.00000000000000     0.00000000000000      -1.14259218E-04 -2.10574999E-04  9.07000387E-05
   -0.00000000000000     0.00000000000000     0.00000000000000      -1.22282136E-13  2.25159931E-04 -3.77604942E-06
# Filename: xfset/XFSET.zno_mlff03, Snapshot: 1
    0.00000000000000    -0.01889726124994     0.00000000000000       7.07867329E-13  1.47217081E-03  1.02529328E-05
    0.00000000000000     0.00000000000000     0.00000000000000       1.29734894E-04  8.05204027E-05 -3.95151608E-05
    0.00000000000000     0.00000000000000     0.00000000000000       7.93044772E-14 -2.22046939E-04 -3.73939484E-06
    0.00000000000000     0.00000000000000     0.00000000000000       9.07704412E-06 -3.02753561E-06 -9.15945466E-05
    0.00000000000000     0.00000000000000     0.00000000000000      -7.42871758E-15  1.39181166E-04 -2.37477145E-07
    0.00000000000000     0.00000000000000     0.00000000000000       1.30535783E-04  8.08529848E-05  5.36265050E-05
    0.00000000000000     0.00000000000000     0.00000000000000       4.51946064E-14 -9.40263025E-05 -1.28446711E-06
    0.00000000000000     0.00000000000000     0.00000000000000       1.17401600E-04 -2.42019770E-04 -1.21716825E-04
    0.00000000000000     0.00000000000000     0.00000000000000      -1.84624732E-05 -2.96373497E-04 -3.17912581E-05
    0.00000000000000     0.00000000000000     0.00000000000000       2.46664539E-13 -1.29034721E-04  5.51737203E-05
    0.00000000000000     0.00000000000000     0.00000000000000      -1.76468079E-05 -1.19212115E-05 -8.31088628E-05
    0.00000000000000     0.00000000000000     0.00000000000000      -3.58600922E-14 -2.58750354E-05  1.88267400E-04
    0.00000000000000     0.00000000000000     0.00000000000000       2.02281898E-04 -3.43420443E-04  2.98636870E-05
    0.00000000000000     0.00000000000000     0.00000000000000       1.94935772E-13 -1.28885254E-04 -8.52680934E-05
    0.00000000000000     0.00000000000000     0.00000000000000      -1.16384917E-04  2.10322490E-04 -9.02169926E-05
    0.00000000000000     0.00000000000000     0.00000000000000       1.02679657E-13 -3.90368259E-04  2.24630894E-04
    0.00000000000000     0.00000000000000     0.00000000000000      -4.04106679E-14 -3.29808633E-04  6.25849975E-05
    0.00000000000000     0.00000000000000     0.00000000000000      -1.29734894E-04  8.05204025E-05 -3.95151607E-05
    0.00000000000000     0.00000000000000     0.00000000000000      -5.34400940E-14 -3.75860724E-05  1.86093314E-04
    0.00000000000000     0.00000000000000     0.00000000000000      -9.07704414E-06 -3.02753556E-06 -9.15945465E-05
    0.00000000000000     0.00000000000000     0.00000000000000       5.01730140E-15  6.58571514E-06 -5.90967064E-05
    0.00000000000000     0.00000000000000     0.00000000000000      -1.30535783E-04  8.08529846E-05  5.36265050E-05
    0.00000000000000     0.00000000000000     0.00000000000000      -5.34400940E-14  1.14771840E-05  1.78943568E-04
    0.00000000000000     0.00000000000000     0.00000000000000      -1.17401602E-04 -2.42019771E-04 -1.21716826E-04
    0.00000000000000     0.00000000000000     0.00000000000000       1.84624733E-05 -2.96373497E-04 -3.17912580E-05
   -0.00000000000000     0.00000000000000     0.00000000000000       3.98155926E-13  5.00340866E-04  9.30757294E-06
    0.00000000000000     0.00000000000000     0.00000000000000       1.76468079E-05 -1.19212115E-05 -8.31088630E-05
   -0.00000000000000     0.00000000000000     0.00000000000000       2.98704456E-14  1.04491393E-05 -4.52516076E-06
    0.00000000000000     0.00000000000000     0.00000000000000      -2.02281898E-04 -3.43420443E-04  2.98636870E-05
   -0.00000000000000     0.00000000000000     0.00000000000000       3.98000351E-13  4.99488002E-04 -8.45105736E-06
    0.00000000000000     0.00000000000000     0.00000000000000       1.16384917E-04  2.10322490E-04 -9.02169927E-05
   -0.00000000000000     0.00000000000000     0.00000000000000       1.23526738E-13 -2.31928508E-04 -3.74513378E-06
# Filename: xfset/XFSET.zno_mlff04, Snapshot: 1
    0.00000000000000     0.00000000000000     0.01889726124993      -1.20967526E-12 -3.98856014E-13 -2.10553555E-03
    0.00000000000000     0.00000000000000     0.00000000000000      -7.69245657E-05  4.44124190E-05  1.80008967E-04
    0.00000000000000     0.00000000000000     0.00000000000000      -2.59382814E-13 -6.82197415E-14  4.46579832E-04
    0.00000000000000     0.00000000000000     0.00000000000000       4.82652493E-05 -2.78659546E-05 -5.08315367E-05
    0.00000000000000     0.00000000000000     0.00000000000000      -9.33451423E-15  8.24548757E-15 -9.33463078E-04
    0.00000000000000     0.00000000000000     0.00000000000000       5.47773814E-05 -3.16257361E-05  1.76975576E-04
    0.00000000000000     0.00000000000000     0.00000000000000       2.66033656E-13  6.64695201E-14 -6.99942875E-05
    0.00000000000000     0.00000000000000     0.00000000000000      -1.66400147E-04  9.60711696E-05  3.62096577E-04
    0.00000000000000     0.00000000000000     0.00000000000000       5.29650782E-05  3.05794021E-05 -6.97435688E-04
    0.00000000000000     0.00000000000000     0.00000000000000       5.09936734E-13 -8.88248387E-05  1.80008967E-04
    0.00000000000000     0.00000000000000     0.00000000000000      -1.82112140E-04 -1.05142493E-04  2.82426988E-04
    0.00000000000000     0.00000000000000     0.00000000000000       8.00434596E-14  5.57319093E-05 -5.08315368E-05
    0.00000000000000     0.00000000000000     0.00000000000000      -5.07900633E-05 -2.93236568E-05  1.32538577E-03
    0.00000000000000     0.00000000000000     0.00000000000000      -5.74189307E-13  6.32514730E-05  1.76975576E-04
    0.00000000000000     0.00000000000000     0.00000000000000       2.08521839E-04  1.20390140E-04 -2.98383658E-04
    0.00000000000000     0.00000000000000     0.00000000000000      -6.07521301E-14 -1.92142340E-04  3.62096577E-04
    0.00000000000000     0.00000000000000     0.00000000000000      -3.73380569E-15 -6.11588044E-05 -6.97435689E-04
    0.00000000000000     0.00000000000000     0.00000000000000       7.69245667E-05  4.44124190E-05  1.80008967E-04
    0.00000000000000     0.00000000000000     0.00000000000000      -2.63855602E-13  2.10284986E-04  2.82426989E-04
    0.00000000000000     0.00000000000000     0.00000000000000      -4.82652492E-05 -2.78659546E-05 -5.08315369E-05
    0.00000000000000     0.00000000000000     0.00000000000000       4.46111993E-14  5.86473135E-05  1.32538577E-03
    0.00000000000000     0.00000000000000     0.00000000000000      -5.47773824E-05 -3.16257361E-05  1.76975576E-04
    0.00000000000000     0.00000000000000     0.00000000000000       2.42152857E-13 -2.40780280E-04 -2.98383658E-04
    0.00000000000000     0.00000000000000     0.00000000000000       1.66400148E-04  9.60711703E-05  3.62096577E-04
    0.00000000000000     0.00000000000000     0.00000000000000      -5.29650781E-05  3.05794020E-05 -6.97435688E-04
   -0.00000000000000     0.00000000000000     0.00000000000000      -5.44785587E-13  1.11590228E-12 -3.93183832E-04
    0.00000000000000     0.00000000000000     0.00000000000000       1.82112140E-04 -1.05142493E-04  2.82426989E-04
   -0.00000000000000     0.00000000000000     0.00000000000000      -8.90668233E-14  1.31227713E-13 -7.08754525E-04
    0.00000000000000     0.00000000000000     0.00000000000000       5.07900633E-05 -2.93236567E-05  1.32538577E-03
   -0.00000000000000     0.00000000000000     0.00000000000000       6.30624224E-13 -1.05106630E-12 -4.11088535E-04
    0.00000000000000     0.00000000000000     0.00000000000000      -2.08521839E-04  1.20390140E-04 -2.98383658E-04
   -0.00000000000000     0.00000000000000     0.00000000000000      -4.85005802E-14  7.57651405E-14  3.34710995E-04
# Filename: xfset/XFSET.zno_mlff05, Snapshot: 1
    0.00000000000000     0.00000000000000    -0.01889726124994       1.24642991E-12  3.51327780E-13  2.01317383E-03
    0.00000000000000     0.00000000000000     0.00000000000000       8.39644159E-05 -4.84768784E-05 -1.77080846E-04
    0.00000000000000     0.00000000000000     0.00000000000000       2.61366399E-13  6.66250953E-14 -3.35545544E-04
    0.00000000000000     0.00000000000000     0.00000000000000      -5.56250955E-05  3.21151637E-05  3.94024852E-05
    0.00000000000000     0.00000000000000     0.00000000000000       1.20570809E-14 -1.05791161E-14  9.41073537E-04
    0.00000000000000     0.00000000000000     0.00000000000000      -5.42144835E-05  3.13007469E-05 -1.80125296E-04
    0.00000000000000     0.00000000000000     0.00000000000000      -2.62494319E-13 -6.90365115E-14  5.20104469E-05
    0.00000000000000     0.00000000000000     0.00000000000000       1.76655267E-04 -1.01991966E-04 -3.61161986E-04
    0.00000000000000     0.00000000000000     0.00000000000000      -5.68576539E-05 -3.28267817E-05  6.96561118E-04
    0.00000000000000     0.00000000000000     0.00000000000000      -5.07680893E-13  9.69537575E-05 -1.77080846E-04
    0.00000000000000     0.00000000000000     0.00000000000000       1.79104758E-04  1.03406180E-04 -2.76779010E-04
    0.00000000000000     0.00000000000000     0.00000000000000      -7.50261582E-14 -6.42303275E-05  3.94024852E-05
    0.00000000000000     0.00000000000000     0.00000000000000       5.19531655E-05  2.99951741E-05 -1.32594918E-03
    0.00000000000000     0.00000000000000     0.00000000000000       5.74578245E-13 -6.26014944E-05 -1.80125296E-04
    0.00000000000000     0.00000000000000     0.00000000000000      -2.09957156E-04 -1.21218820E-04  3.05044851E-04
    0.00000000000000     0.00000000000000     0.00000000000000       5.74850502E-14  2.03983933E-04 -3.61161986E-04
    0.00000000000000     0.00000000000000     0.00000000000000       6.14522187E-15  6.56535636E-05  6.96561119E-04
    0.00000000000000     0.00000000000000     0.00000000000000      -8.39644169E-05 -4.84768784E-05 -1.77080846E-04
    0.00000000000000     0.00000000000000     0.00000000000000       2.60666310E-13 -2.06812360E-04 -2.76779010E-04
    0.00000000000000     0.00000000000000     0.00000000000000       5.56250953E-05  3.21151638E-05  3.94024853E-05
    0.00000000000000     0.00000000000000     0.00000000000000      -4.68281464E-14 -5.99903482E-05 -1.32594918E-03
    0.00000000000000     0.00000000000000     0.00000000000000       5.42144845E-05  3.13007468E-05 -1.80125296E-04
    0.00000000000000     0.00000000000000     0.00000000000000      -2.45342149E-13  2.42437640E-04  3.05044852E-04
    0.00000000000000     0.00000000000000     0.00000000000000      -1.76655268E-04 -1.01991967E-04 -3.61161986E-04
    0.00000000000000     0.00000000000000     0.00000000000000       5.68576538E-05 -3.28267816E-05  6.96561118E-04
   -0.00000000000000     0.00000000000000     0.00000000000000       5.35373285E-13 -1.10855135E-12  4.11038011E-04
    0.00000000000000     0.00000000000000     0.00000000000000      -1.79104757E-04  1.03406180E-04 -2.76779010E-04
   -0.00000000000000     0.00000000000000     0.00000000000000       8.69665576E-14 -1.22048774E-13  7.07435649E-04
    0.00000000000000     0.00000000000000     0.00000000000000      -5.19531655E-05  2.99951740E-05 -1.32594918E-03
   -0.00000000000000     0.00000000000000     0.00000000000000      -6.40892190E-13  1.06191768E-12  3.93067271E-04
    0.00000000000000     0.00000000000000     0.00000000000000       2.09957155E-04 -1.21218820E-04  3.05044852E-04
   -0.00000000000000     0.00000000000000     0.00000000000000       4.92006688E-14 -7.97323091E-14 -3.41989615E-04
# Filename: xfset/XFSET.zno_mlff06, Snapshot: 1
    0.00000000000000     0.00000000000000     0.00000000000000       2.21557443E-04 -2.32940258E-07  5.19451150E-06
    0.00000000000000     0.00000000000000     0.00000000000000       3.92318655E-04 -1.25243550E-04  1.78242707E-04
    0.01889726124994     0.00000000000000     0.00000000000000      -1.81185482E-03  2.63913519E-05 -1.22913733E-05
    0.00000000000000     0.00000000000000     0.00000000000000       4.18578505E-06  8.89089626E-06  4.61643059E-04
    0.00000000000000     0.00000000000000     0.00000000000000       9.35074917E-05 -7.34446491E-08 -8.32228099E-06
    0.00000000000000     0.00000000000000     0.00000000000000       1.66766873E-05 -1.07554630E-05 -5.13546533E-05
    0.00000000000000     0.00000000000000     0.00000000000000       1.95228349E-04  1.02977177E-08 -3.25883071E-07
    0.00000000000000     0.00000000000000     0.00000000000000       3.71501845E-06  8.00970988E-06 -2.21741343E-04
    0.00000000000000     0.00000000000000     0.00000000000000       2.98687954E-05  1.64588455E-05 -1.78869529E-04
    0.00000000000000     0.00000000000000     0.00000000000000       1.73765381E-04  2.28805873E-06 -7.03189097E-07
    0.00000000000000     0.00000000000000     0.00000000000000       2.26140450E-05 -3.80867846E-04 -9.37315331E-05
    0.00000000000000     0.00000000000000     0.00000000000000       1.88229488E-05 -1.19939981E-06  4.56725806E-06
    0.00000000000000     0.00000000000000     0.00000000000000      -7.69993565E-05  1.15537321E-04  2.07111375E-04
    0.00000000000000     0.00000000000000     0.00000000000000      -6.77147894E-07  2.91585776E-07  7.53008339E-07
    0.00000000000000     0.00000000000000     0.00000000000000      -1.29622498E-06  1.01696058E-04  1.31215929E-05
    0.00000000000000     0.00000000000000     0.00000000000000       1.88163402E-05 -6.19758660E-07 -1.21020327E-06
    0.00000000000000     0.00000000000000     0.00000000000000       1.85821941E-06 -4.46554521E-07  1.75605576E-06
    0.00000000000000     0.00000000000000     0.00000000000000       3.40804571E-04  9.75532099E-05 -1.65056837E-04
    0.00000000000000     0.00000000000000     0.00000000000000       6.80103882E-04  2.85478750E-07 -1.88723321E-07
    0.00000000000000     0.00000000000000     0.00000000000000       5.56114548E-06 -7.21965367E-06 -4.52670918E-04
    0.00000000000000     0.00000000000000     0.00000000000000      -2.77039710E-04 -3.86565471E-07 -7.11442957E-06
    0.00000000000000     0.00000000000000     0.00000000000000       1.75449407E-05  9.79055638E-06  5.25649454E-05
    0.00000000000000     0.00000000000000     0.00000000000000      -1.77427667E-04  4.42214545E-07  9.86711753E-07
    0.00000000000000     0.00000000000000     0.00000000000000       6.03474569E-06 -8.09063513E-06  2.18658653E-04
    0.00000000000000     0.00000000000000     0.00000000000000       3.00276052E-05 -1.59884032E-05  1.82273910E-04
   -0.00000000000000     0.00000000000000     0.00000000000000       2.28522018E-04  2.45529060E-06 -1.47251889E-06
    0.00000000000000     0.00000000000000     0.00000000000000       2.22111825E-05  3.78583070E-04  8.97150603E-05
   -0.00000000000000     0.00000000000000     0.00000000000000      -4.43054763E-05 -9.80443267E-07  4.14727689E-06
    0.00000000000000     0.00000000000000     0.00000000000000      -7.75294636E-05 -1.15158171E-04 -2.11290977E-04
   -0.00000000000000     0.00000000000000     0.00000000000000      -1.18210463E-05  5.93424644E-07  2.11916124E-08
    0.00000000000000     0.00000000000000     0.00000000000000      -4.94357381E-07 -1.02145955E-04 -1.21247376E-05
   -0.00000000000000     0.00000000000000     0.00000000000000      -4.42999831E-05  1.31414449E-07 -2.28818530E-06
# Filename: xfset/XFSET.zno_mlff07, Snapshot: 1
    0.00000000000000     0.00000000000000     0.00000000000000      -7.85654948E-14  2.21790500E-04  5.25314826E-06
    0.00000000000000     0.00000000000000     0.00000000000000      -1.01858587E-04  2.31496006E-04 -9.73187439E-05
    0.00000000000000     0.01889726124994     0.00000000000000      -1.52732100E-12 -1.83824887E-03 -1.25494416E-05
    0.00000000000000     0.00000000000000     0.00000000000000       6.87633537E-06  1.44151300E-05 -2.59357351E-04
    0.00000000000000     0.00000000000000     0.00000000000000      -4.23164645E-14  9.35808503E-05 -8.37660199E-06
    0.00000000000000     0.00000000000000     0.00000000000000      -9.82293365E-06  5.72545596E-06  3.07015136E-05
    0.00000000000000     0.00000000000000     0.00000000000000       9.35785052E-14  1.95217989E-04 -3.33646114E-07
    0.00000000000000     0.00000000000000     0.00000000000000       7.71523720E-06  1.50725718E-05  1.25800089E-04
    0.00000000000000     0.00000000000000     0.00000000000000       1.66001486E-05  1.11577198E-05 -1.02477053E-04
    0.00000000000000     0.00000000000000     0.00000000000000       4.13480087E-13  4.69300953E-04  2.07285344E-04
    0.00000000000000     0.00000000000000     0.00000000000000      -3.80571239E-04  4.61644627E-04 -5.37609254E-05
    0.00000000000000     0.00000000000000     0.00000000000000       1.88246037E-14 -7.32273197E-07  5.32381481E-04
    0.00000000000000     0.00000000000000     0.00000000000000       1.15678142E-04 -2.10293665E-04  1.15310811E-04
    0.00000000000000     0.00000000000000     0.00000000000000       1.23915676E-13  2.27668781E-05 -5.94432026E-05
    0.00000000000000     0.00000000000000     0.00000000000000       1.01533719E-04 -1.18813609E-04  8.12232844E-06
    0.00000000000000     0.00000000000000     0.00000000000000      -1.46629661E-14 -8.78427847E-07 -2.55928403E-04
    0.00000000000000     0.00000000000000     0.00000000000000      -1.01240586E-13  3.94151068E-05  2.10228339E-04
    0.00000000000000     0.00000000000000     0.00000000000000       1.01858589E-04  2.31496007E-04 -9.73187446E-05
    0.00000000000000     0.00000000000000     0.00000000000000       1.13180985E-14 -1.96360081E-04  1.03289347E-04
    0.00000000000000     0.00000000000000     0.00000000000000      -6.87633538E-06  1.44151300E-05 -2.59357351E-04
    0.00000000000000     0.00000000000000     0.00000000000000      -5.67849616E-14 -1.09737335E-05 -2.42011336E-04
    0.00000000000000     0.00000000000000     0.00000000000000       9.82293358E-06  5.72545592E-06  3.07015136E-05
    0.00000000000000     0.00000000000000     0.00000000000000      -3.18151360E-14  5.84167265E-05 -1.42292980E-05
    0.00000000000000     0.00000000000000     0.00000000000000      -7.71523717E-06  1.50725718E-05  1.25800089E-04
    0.00000000000000     0.00000000000000     0.00000000000000      -1.66001485E-05  1.11577199E-05 -1.02477053E-04
   -0.00000000000000     0.00000000000000     0.00000000000000      -1.20570809E-13  2.26066853E-04 -1.48757613E-06
    0.00000000000000     0.00000000000000     0.00000000000000       3.80571238E-04  4.61644627E-04 -5.37609255E-05
   -0.00000000000000     0.00000000000000     0.00000000000000       3.00649146E-14 -4.33250810E-05  4.16820493E-06
    0.00000000000000     0.00000000000000     0.00000000000000      -1.15678142E-04 -2.10293665E-04  1.15310811E-04
   -0.00000000000000     0.00000000000000     0.00000000000000      -2.95981889E-14 -1.24144775E-05  2.26188046E-08
    0.00000000000000     0.00000000000000     0.00000000000000      -1.01533719E-04 -1.18813609E-04  8.12232816E-06
   -0.00000000000000     0.00000000000000     0.00000000000000       2.90536756E-14 -4.44313898E-05 -2.31031459E-06
# Filename: xfset/XFSET.zno_mlff08, Snapshot: 1
    0.00000000000000     0.00000000000000     0.00000000000000       7.82154505E-14 -2.21324387E-04  5.13587525E-06
    0.00000000000000     0.00000000000000     0.00000000000000       1.20484145E-04 -2.44303471E-04  1.00775229E-04
    0.00000000000000    -0.01889726124994     0.00000000000000       1.55435220E-12  1.78546084E-03 -1.20333076E-05
    0.00000000000000     0.00000000000000     0.00000000000000      -9.22625582E-06 -1.39357067E-05  2.68437153E-04
    0.00000000000000     0.00000000000000     0.00000000000000       4.54279693E-14 -9.34341343E-05 -8.26796053E-06
    0.00000000000000     0.00000000000000     0.00000000000000       1.07167890E-05 -4.77525441E-06 -2.92941766E-05
    0.00000000000000     0.00000000000000     0.00000000000000      -9.45119566E-14 -1.95238711E-04 -3.18119627E-07
    0.00000000000000     0.00000000000000     0.00000000000000      -8.38428317E-06 -1.32662789E-05 -1.28441414E-04
    0.00000000000000     0.00000000000000     0.00000000000000      -1.58127549E-05 -1.12655415E-05  1.05953346E-04
    0.00000000000000     0.00000000000000     0.00000000000000      -4.09668493E-13 -3.92877355E-04 -1.89232952E-04
    0.00000000000000     0.00000000000000     0.00000000000000       3.78921551E-04 -4.60078125E-04  5.21702204E-05
    0.00000000000000     0.00000000000000     0.00000000000000      -2.05748251E-14 -1.17035821E-06 -5.23462287E-04
    0.00000000000000     0.00000000000000     0.00000000000000      -1.15012964E-04  2.10604753E-04 -1.26190111E-04
    0.00000000000000     0.00000000000000     0.00000000000000      -1.22087667E-13 -2.33206607E-05  6.05551299E-05
    0.00000000000000     0.00000000000000     0.00000000000000      -1.02304160E-04  1.18355862E-04 -6.47484083E-06
    0.00000000000000     0.00000000000000     0.00000000000000       1.21737623E-14 -1.33293517E-06  2.52625264E-04
    0.00000000000000     0.00000000000000     0.00000000000000       1.00462709E-13 -3.92476072E-05 -2.06860049E-04
    0.00000000000000     0.00000000000000     0.00000000000000      -1.20484146E-04 -2.44303472E-04  1.00775230E-04
    0.00000000000000     0.00000000000000     0.00000000000000      -1.46240723E-14  1.97227194E-04 -1.08518329E-04
    0.00000000000000     0.00000000000000     0.00000000000000       9.22625583E-06 -1.39357067E-05  2.68437153E-04
    0.00000000000000     0.00000000000000     0.00000000000000       5.26233240E-14  1.03664893E-05  2.41181872E-04
    0.00000000000000     0.00000000000000     0.00000000000000      -1.07167889E-05 -4.77525437E-06 -2.92941766E-05
    0.00000000000000     0.00000000000000     0.00000000000000       3.06483217E-14 -5.74857154E-05  1.49014566E-05
    0.00000000000000     0.00000000000000     0.00000000000000       8.38428315E-06 -1.32662788E-05 -1.28441414E-04
    0.00000000000000     0.00000000000000     0.00000000000000       1.58127548E-05 -1.12655416E-05  1.05953346E-04
   -0.00000000000000     0.00000000000000     0.00000000000000       1.25627004E-13 -2.30977186E-04 -1.45746173E-06
    0.00000000000000     0.00000000000000     0.00000000000000      -3.78921550E-04 -4.60078125E-04  5.21702204E-05
   -0.00000000000000     0.00000000000000     0.00000000000000      -2.99482332E-14  4.52858674E-05  4.12634954E-06
    0.00000000000000     0.00000000000000     0.00000000000000       1.15012964E-04  2.10604752E-04 -1.26190112E-04
   -0.00000000000000     0.00000000000000     0.00000000000000       3.06094279E-14  1.12276153E-05  1.97642465E-08
    0.00000000000000     0.00000000000000     0.00000000000000       1.02304160E-04  1.18355862E-04 -6.47484055E-06
   -0.00000000000000     0.00000000000000     0.00000000000000      -3.08038970E-14  4.41685719E-05 -2.26605622E-06
# Filename: xfset/XFSET.zno_mlff09, Snapshot: 1
    0.00000000000000     0.00000000000000     0.00000000000000       2.76457197E-13 -2.42930733E-13  3.46497231E-04
    0.00000000000000     0.00000000000000     0.00000000000000       2.09035548E-04 -1.20686730E-04  3.59101314E-04
    0.00000000000000     0.00000000000000     0.01889726124994       1.33086837E-12  3.20484989E-14 -1.46606707E-03
    0.00000000000000     0.00000000000000     0.00000000000000       2.23101725E-04 -1.28807841E-04  8.14841818E-05
    0.00000000000000     0.00000000000000     0.00000000000000       3.71630348E-13 -1.48613245E-13 -6.54963633E-05
    0.00000000000000     0.00000000000000     0.00000000000000       1.61624484E-04 -9.33139395E-05 -3.76503856E-05
    0.00000000000000     0.00000000000000     0.00000000000000      -1.83112054E-13 -2.75368170E-14  3.06304021E-04
    0.00000000000000     0.00000000000000     0.00000000000000      -4.57415040E-04  2.64088697E-04  7.70824919E-05
    0.00000000000000     0.00000000000000     0.00000000000000       1.55889488E-04  9.00028380E-05  2.79263147E-04
    0.00000000000000     0.00000000000000     0.00000000000000       5.79517759E-14  2.41373461E-04  3.59101314E-04
    0.00000000000000     0.00000000000000     0.00000000000000      -9.15678479E-05 -5.28667216E-05  1.24684802E-05
    0.00000000000000     0.00000000000000     0.00000000000000      -1.53241609E-13  2.57615682E-04  8.14841817E-05
    0.00000000000000     0.00000000000000     0.00000000000000       1.55858300E-04  8.99848314E-05 -3.04473866E-04
    0.00000000000000     0.00000000000000     0.00000000000000       1.30060898E-13  1.86627879E-04 -3.76503857E-05
    0.00000000000000     0.00000000000000     0.00000000000000       1.42785478E-05  8.24372348E-06 -6.74972662E-05
    0.00000000000000     0.00000000000000     0.00000000000000       3.80653712E-13 -5.28177393E-04  7.70824917E-05
    0.00000000000000     0.00000000000000     0.00000000000000      -3.16595608E-13 -1.80005675E-04  2.79263147E-04
    0.00000000000000     0.00000000000000     0.00000000000000      -2.09035550E-04 -1.20686731E-04  3.59101315E-04
    0.00000000000000     0.00000000000000     0.00000000000000       8.86778852E-15  1.05733443E-04  1.24684802E-05
    0.00000000000000     0.00000000000000     0.00000000000000      -2.23101725E-04 -1.28807841E-04  8.14841816E-05
    0.00000000000000     0.00000000000000     0.00000000000000       1.93341126E-13 -1.79969663E-04 -3.04473866E-04
    0.00000000000000     0.00000000000000     0.00000000000000      -1.61624484E-04 -9.33139394E-05 -3.76503858E-05
    0.00000000000000     0.00000000000000     0.00000000000000      -1.34533686E-13 -1.64874468E-05 -6.74972662E-05
    0.00000000000000     0.00000000000000     0.00000000000000       4.57415040E-04  2.64088696E-04  7.70824916E-05
    0.00000000000000     0.00000000000000     0.00000000000000      -1.55889489E-04  9.00028382E-05  2.79263147E-04
   -0.00000000000000     0.00000000000000     0.00000000000000      -2.66383700E-13  2.55260071E-13  3.40082484E-04
    0.00000000000000     0.00000000000000     0.00000000000000       9.15678480E-05 -5.28667216E-05  1.24684803E-05
   -0.00000000000000     0.00000000000000     0.00000000000000      -1.06530144E-13 -2.06370552E-13  2.53281749E-05
    0.00000000000000     0.00000000000000     0.00000000000000      -1.55858300E-04  8.99848315E-05 -3.04473866E-04
   -0.00000000000000     0.00000000000000     0.00000000000000      -4.19003008E-13  2.35268653E-13 -7.10762745E-04
    0.00000000000000     0.00000000000000     0.00000000000000      -1.42785476E-05  8.24372320E-06 -6.74972658E-05
   -0.00000000000000     0.00000000000000     0.00000000000000       3.19007024E-13  4.51168188E-14  2.47799707E-05
# Filename: xfset/XFSET.zno_mlff10, Snapshot: 1
    0.00000000000000     0.00000000000000     0.00000000000000      -2.69923037E-13  2.35618697E-13 -4.35812367E-04
    0.00000000000000     0.00000000000000     0.00000000000000      -2.03396471E-04  1.17431008E-04 -3.64217624E-04
    0.00000000000000     0.00000000000000    -0.01889726124994      -1.32822359E-12 -3.41098708E-14  1.55143556E-03
    0.00000000000000     0.00000000000000     0.00000000000000      -2.17346342E-04  1.25484969E-04 -7.76827519E-05
    0.00000000000000     0.00000000000000     0.00000000000000      -3.76492074E-13  1.51219131E-13  5.64558781E-05
    0.00000000000000     0.00000000000000     0.00000000000000      -1.63435176E-04  9.43593426E-05  5.26566339E-05
    0.00000000000000     0.00000000000000     0.00000000000000       1.82528647E-13  2.78479675E-14 -3.04871976E-04
    0.00000000000000     0.00000000000000     0.00000000000000       4.56911342E-04 -2.63797886E-04 -8.21444160E-05
    0.00000000000000     0.00000000000000     0.00000000000000      -1.56208495E-04 -9.01870168E-05 -2.79868939E-04
    0.00000000000000     0.00000000000000     0.00000000000000      -6.00909354E-14 -2.34862015E-04 -3.64217625E-04
    0.00000000000000     0.00000000000000     0.00000000000000       9.18403187E-05  5.30240326E-05 -4.25357066E-06
    0.00000000000000     0.00000000000000     0.00000000000000       1.49896741E-13 -2.50969939E-04 -7.76827517E-05
    0.00000000000000     0.00000000000000     0.00000000000000      -1.57508715E-04 -9.09376988E-05  2.98939035E-04
    0.00000000000000     0.00000000000000     0.00000000000000      -1.25938155E-13 -1.88718685E-04  5.26566340E-05
    0.00000000000000     0.00000000000000     0.00000000000000      -1.10450749E-05 -6.37687705E-06  6.17269047E-05
    0.00000000000000     0.00000000000000     0.00000000000000      -3.80225880E-13  5.27595772E-04 -8.21444159E-05
    0.00000000000000     0.00000000000000     0.00000000000000       3.15856625E-13  1.80374033E-04 -2.79868940E-04
    0.00000000000000     0.00000000000000     0.00000000000000       2.03396472E-04  1.17431008E-04 -3.64217625E-04
    0.00000000000000     0.00000000000000     0.00000000000000      -1.03457533E-14 -1.06048065E-04 -4.25357073E-06
    0.00000000000000     0.00000000000000     0.00000000000000       2.17346343E-04  1.25484969E-04 -7.76827516E-05
    0.00000000000000     0.00000000000000     0.00000000000000      -1.91940949E-13  1.81875398E-04  2.98939035E-04
    0.00000000000000     0.00000000000000     0.00000000000000       1.63435175E-04  9.43593425E-05  5.26566340E-05
    0.00000000000000     0.00000000000000     0.00000000000000       1.31966695E-13  1.27537539E-05  6.17269046E-05
    0.00000000000000     0.00000000000000     0.00000000000000      -4.56911342E-04 -2.63797886E-04 -8.21444158E-05
    0.00000000000000     0.00000000000000     0.00000000000000       1.56208496E-04 -9.01870170E-05 -2.79868939E-04
   -0.00000000000000     0.00000000000000     0.00000000000000       2.71867727E-13 -2.55804584E-13 -3.36697661E-04
    0.00000000000000     0.00000000000000     0.00000000000000      -9.18403188E-05  5.30240327E-05 -4.25357077E-06
   -0.00000000000000     0.00000000000000     0.00000000000000       1.06141206E-13  2.06992853E-13 -2.53127768E-05
    0.00000000000000     0.00000000000000     0.00000000000000       1.57508715E-04 -9.09376989E-05  2.98939035E-04
   -0.00000000000000     0.00000000000000     0.00000000000000       4.12857786E-13 -2.27995510E-13  7.05350857E-04
    0.00000000000000     0.00000000000000     0.00000000000000       1.10450747E-05 -6.37687677E-06  6.17269042E-05
   -0.00000000000000     0.00000000000000     0.00000000000000      -3.16362245E-13 -4.04884555E-14 -2.60133311E-05
