# Filename: xfset/XFSET.zno_mlff01, Snapshot: 1
    0.01889726124994     0.00000000000000     0.00000000000000      -4.12428859E-03  7.03267928E-05  4.96113173E-05
    0.00000000000000     0.00000000000000     0.00000000000000       2.14588393E-05 -5.84289595E-05  2.13515160E-04
    0.00000000000000     0.00000000000000     0.00000000000000       3.32492169E-04  1.18007993E-06 -4.51662343E-06
    0.00000000000000     0.00000000000000     0.00000000000000       2.68537098E-05 -3.26965513E-05 -4.52760715E-05
    0.00000000000000     0.00000000000000     0.00000000000000       8.97970626E-05  2.76881371E-07 -1.17449143E-06
    0.00000000000000     0.00000000000000     0.00000000000000       2.29335104E-05 -5.96368127E-05 -4.74659456E-04
    0.00000000000000     0.00000000000000     0.00000000000000       2.77175768E-05 -5.08670266E-07 -1.29211795E-06
    0.00000000000000     0.00000000000000     0.00000000000000       1.51474848E-03 -8.23395857E-04 -5.40265128E-04
    0.00000000000000     0.00000000000000     0.00000000000000       7.80681552E-05 -5.84552621E-04  1.25244116E-04
    0.00000000000000     0.00000000000000     0.00000000000000      -8.11653765E-05 -1.93566532E-06  8.08317187E-07
    0.00000000000000     0.00000000000000     0.00000000000000      -6.79628695E-05  3.17662455E-05 -7.13696794E-05
    0.00000000000000     0.00000000000000     0.00000000000000      -2.88459880E-05 -4.01535680E-07 -8.43253174E-07
    0.00000000000000     0.00000000000000     0.00000000000000      -8.43402999E-05 -1.61502732E-05 -7.83040621E-05
    0.00000000000000     0.00000000000000     0.00000000000000      -8.11805946E-05  1.61389462E-07  6.62414635E-07
    0.00000000000000     0.00000000000000     0.00000000000000      -1.24443275E-05  8.49138854E-05 -1.56600204E-05
    0.00000000000000     0.00000000000000     0.00000000000000       9.66247447E-05 -7.40244523E-07  5.08295993E-06
    0.00000000000000     0.00000000000000     0.00000000000000       1.09109267E-03 -2.75236693E-06 -1.15268916E-06
    0.00000000000000     0.00000000000000     0.00000000000000       2.11745571E-05  5.99346188E-05 -2.08501489E-04
    0.00000000000000     0.00000000000000     0.00000000000000      -1.23751416E-04 -6.35603276E-08 -2.52744157E-06
    0.00000000000000     0.00000000000000     0.00000000000000       2.81103554E-05  3.23635429E-05  4.57138375E-05
    0.00000000000000     0.00000000000000     0.00000000000000      -5.68077654E-05  8.33809048E-07 -7.20642008E-07
    0.00000000000000     0.00000000000000     0.00000000000000       1.97049485E-05  5.87442992E-05  4.69407510E-04
    0.00000000000000     0.00000000000000     0.00000000000000      -1.58471288E-04 -9.34844578E-07  4.92236470E-07
    0.00000000000000     0.00000000000000     0.00000000000000       1.40752681E-03  7.52589485E-04  4.94871287E-04
    0.00000000000000     0.00000000000000     0.00000000000000       7.38802238E-05  5.87495269E-04 -1.26942556E-04
   -0.00000000000000     0.00000000000000     0.00000000000000       3.25919742E-05  1.30865178E-06  9.78995045E-07
    0.00000000000000     0.00000000000000     0.00000000000000      -6.92585200E-05 -3.19175422E-05  7.05952239E-05
   -0.00000000000000     0.00000000000000     0.00000000000000       2.94173827E-05  9.28167463E-07 -1.19798463E-06
    0.00000000000000     0.00000000000000     0.00000000000000      -8.33476455E-05  1.50658310E-05  7.24966820E-05
   -0.00000000000000     0.00000000000000     0.00000000000000       3.25956895E-05  1.35525248E-06  1.43691446E-06
    0.00000000000000     0.00000000000000     0.00000000000000      -1.30449454E-05 -8.33696024E-05  2.19334926E-05
   -0.00000000000000     0.00000000000000     0.00000000000000       3.81207618E-05 -1.75909432E-06  1.55324010E-06
# Filename: xfset/XFSET.zno_mlff02, Snapshot: 1
    0.00000000000000     0.01889726124994     0.00000000000000      -4.56037693E-12 -4.19461951E-03  5.01127833E-05
    0.00000000000000     0.00000000000000     0.00000000000000      -6.07300870E-05 -4.69456520E-05 -1.20458323E-04
    0.00000000000000     0.00000000000000     0.00000000000000      -5.35956692E-14  3.31312383E-04 -4.52076277E-06
    0.00000000000000     0.00000000000000     0.00000000000000      -3.26584285E-05 -9.46646932E-06  2.57820298E-05
    0.00000000000000     0.00000000000000     0.00000000000000      -2.34918608E-14  8.95202463E-05 -1.17505402E-06
    0.00000000000000     0.00000000000000     0.00000000000000      -5.88406134E-05 -4.77017929E-05  2.72122069E-04
    0.00000000000000     0.00000000000000     0.00000000000000       1.60631432E-14  2.82261747E-05 -1.29874516E-06
    0.00000000000000     0.00000000000000     0.00000000000000      -7.67577574E-04  5.44124170E-04  2.94463711E-04
    0.00000000000000     0.00000000000000     0.00000000000000      -5.83616823E-04  7.53846893E-04  7.17357436E-05
    0.00000000000000     0.00000000000000     0.00000000000000      -5.51903154E-14  5.57895074E-05  2.46717194E-04
    0.00000000000000     0.00000000000000     0.00000000000000       3.18190846E-05 -1.04934603E-04 -4.27883259E-05
    0.00000000000000     0.00000000000000     0.00000000000000      -2.72256665E-14  4.57858168E-05 -5.19553828E-05
    0.00000000000000     0.00000000000000     0.00000000000000      -1.64034429E-05 -6.60235124E-05 -4.49832643E-05
    0.00000000000000     0.00000000000000     0.00000000000000      -3.58600922E-14  5.75927106E-05 -5.48751968E-04
    0.00000000000000     0.00000000000000     0.00000000000000       8.51304121E-05 -1.09923844E-04 -9.48580910E-06
    0.00000000000000     0.00000000000000     0.00000000000000       6.75935512E-13  2.00220033E-03 -6.29773810E-04
    0.00000000000000     0.00000000000000     0.00000000000000       1.66698867E-13 -2.64843107E-04 -1.46360738E-04
    0.00000000000000     0.00000000000000     0.00000000000000       6.07300872E-05 -4.69456519E-05 -1.20458323E-04
    0.00000000000000     0.00000000000000     0.00000000000000       8.79000090E-14 -5.08892091E-05  8.22973807E-05
    0.00000000000000     0.00000000000000     0.00000000000000       3.26584286E-05 -9.46646935E-06  2.57820298E-05
    0.00000000000000     0.00000000000000     0.00000000000000      -3.11928351E-14 -9.21982513E-05  8.34312425E-05
    0.00000000000000     0.00000000000000     0.00000000000000       5.88406135E-05 -4.77017928E-05  2.72122069E-04
    0.00000000000000     0.00000000000000     0.00000000000000      -1.22126561E-14  3.52776231E-05  2.57155883E-05
    0.00000000000000     0.00000000000000     0.00000000000000       7.67577578E-04  5.44124172E-04  2.94463713E-04
    0.00000000000000     0.00000000000000     0.00000000000000       5.83616822E-04  7.53846892E-04  7.17357435E-05
   -0.00000000000000     0.00000000000000     0.00000000000000      -9.76623552E-14  3.12841708E-05  9.84023648E-07
    0.00000000000000     0.00000000000000     0.00000000000000      -3.18190846E-05 -1.04934603E-04 -4.27883259E-05
   -0.00000000000000     0.00000000000000     0.00000000000000      -5.91185902E-14  2.84891856E-05 -1.20355426E-06
    0.00000000000000     0.00000000000000     0.00000000000000       1.64034429E-05 -6.60235123E-05 -4.49832644E-05
   -0.00000000000000     0.00000000000000     0.00000000000000      -9.70400542E-14  3.12412645E-05  1.44960954E-06
    0.00000000000000     0.00000000000000     0.00000000000000      -8.51304121E-05 -1.09923844E-04 -9.48580910E-06
   -0.00000000000000     0.00000000000000     0.00000000000000       8.83667348E-14  3.98802856E-05  1.55652890E-06
# Filename: xfset/XFSET.zno_mlff03, Snapshot: 1
    0.00000000000000    -0.01889726124994     0.00000000000000       4.59475906E-12  4.05395782E-03  4.91098585E-05
    0.00000000000000     0.00000000000000     0.00000000000000       5.76256085E-05  4.70682686E-05  1.23207396E-04
    0.00000000000000     0.00000000000000     0.00000000000000       5.97797849E-14 -3.33671945E-04 -4.51248432E-06
    0.00000000000000     0.00000000000000     0.00000000000000       3.23871033E-05  1.06818990E-05 -2.67604615E-05
    0.00000000000000     0.00000000000000     0.00000000000000       2.51254008E-14 -9.00738782E-05 -1.17392893E-06
    0.00000000000000     0.00000000000000     0.00000000000000       5.95421528E-05  4.63252246E-05 -2.72989715E-04
    0.00000000000000     0.00000000000000     0.00000000000000      -1.49741166E-14 -2.72089838E-05 -1.28549078E-06
    0.00000000000000     0.00000000000000     0.00000000000000       8.07597429E-04 -5.58332771E-04 -3.02815603E-04
    0.00000000000000     0.00000000000000     0.00000000000000       5.88494441E-04 -7.51556204E-04 -7.38388847E-05
    0.00000000000000     0.00000000000000     0.00000000000000       5.17287664E-14 -5.51743743E-05 -2.40571362E-04
    0.00000000000000     0.00000000000000     0.00000000000000      -3.18334317E-05  1.05825799E-04  3.91600671E-05
    0.00000000000000     0.00000000000000     0.00000000000000       2.90536756E-14 -4.67470750E-05  5.31012716E-05
    0.00000000000000     0.00000000000000     0.00000000000000       1.48146421E-05  6.56172997E-05  4.20864282E-05
    0.00000000000000     0.00000000000000     0.00000000000000       3.50822160E-14 -5.33770543E-05  5.41308197E-04
    0.00000000000000     0.00000000000000     0.00000000000000      -8.31591218E-05  1.09864140E-04  1.22333109E-05
    0.00000000000000     0.00000000000000     0.00000000000000      -6.63645068E-13 -1.83068607E-03  5.65855826E-04
    0.00000000000000     0.00000000000000     0.00000000000000      -1.51763644E-13  2.59880985E-04  1.44864763E-04
    0.00000000000000     0.00000000000000     0.00000000000000      -5.76256086E-05  4.70682685E-05  1.23207396E-04
    0.00000000000000     0.00000000000000     0.00000000000000      -8.44384600E-14  4.95355995E-05 -8.16446577E-05
    0.00000000000000     0.00000000000000     0.00000000000000      -3.23871034E-05  1.06818991E-05 -2.67604615E-05
    0.00000000000000     0.00000000000000     0.00000000000000       3.15428794E-14  9.35115435E-05 -9.06936152E-05
    0.00000000000000     0.00000000000000     0.00000000000000      -5.95421529E-05  4.63252245E-05 -2.72989715E-04
    0.00000000000000     0.00000000000000     0.00000000000000       1.59075680E-14 -3.63772255E-05 -1.76791741E-05
    0.00000000000000     0.00000000000000     0.00000000000000      -8.07597433E-04 -5.58332773E-04 -3.02815605E-04
    0.00000000000000     0.00000000000000     0.00000000000000      -5.88494440E-04 -7.51556204E-04 -7.38388845E-05
   -0.00000000000000     0.00000000000000     0.00000000000000       9.98793023E-14 -3.38997441E-05  9.73966771E-07
    0.00000000000000     0.00000000000000     0.00000000000000       3.18334318E-05  1.05825799E-04  3.91600670E-05
   -0.00000000000000     0.00000000000000     0.00000000000000       6.20356259E-14 -3.03455774E-05 -1.19241521E-06
    0.00000000000000     0.00000000000000     0.00000000000000      -1.48146421E-05  6.56172997E-05  4.20864283E-05
   -0.00000000000000     0.00000000000000     0.00000000000000       1.00657178E-13 -3.39500814E-05  1.42421941E-06
    0.00000000000000     0.00000000000000     0.00000000000000       8.31591218E-05  1.09864140E-04  1.22333109E-05
   -0.00000000000000     0.00000000000000     0.00000000000000      -8.31549643E-14 -3.63612481E-05  1.54995147E-06
# Filename: xfset/XFSET.zno_mlff04, Snapshot: 1
    0.00000000000000     0.00000000000000     0.01889726124993      -2.77200068E-12 -6.72396175E-13 -4.96699259E-03
    0.00000000000000     0.00000000000000     0.00000000000000       4.73942875E-04 -2.73631047E-04  3.64480445E-04
    0.00000000000000     0.00000000000000     0.00000000000000      -1.40134395E-13  2.53587637E-14  2.56079521E-03
    0.00000000000000     0.00000000000000     0.00000000000000      -7.25698793E-05  4.18982393E-05 -2.14258517E-04
    0.00000000000000     0.00000000000000     0.00000000000000       5.12231469E-14 -1.12792047E-14  3.15501035E-04
    0.00000000000000     0.00000000000000     0.00000000000000      -2.06079484E-04  1.18980046E-04  3.56350557E-04
    0.00000000000000     0.00000000000000     0.00000000000000       4.02161988E-14  6.36302720E-14 -2.53307984E-04
    0.00000000000000     0.00000000000000     0.00000000000000      -6.06958739E-04  3.50427791E-04  3.35816623E-04
    0.00000000000000     0.00000000000000     0.00000000000000       1.28792188E-04  7.43582042E-05 -2.96106390E-04
    0.00000000000000     0.00000000000000     0.00000000000000       5.04452707E-14  5.47262094E-04  3.64480445E-04
    0.00000000000000     0.00000000000000     0.00000000000000      -8.01178668E-05 -4.62560719E-05  8.44593685E-05
    0.00000000000000     0.00000000000000     0.00000000000000      -6.52638120E-14 -8.37964787E-05 -2.14258517E-04
    0.00000000000000     0.00000000000000     0.00000000000000      -7.47966171E-05 -4.31838471E-05  1.82219521E-04
    0.00000000000000     0.00000000000000     0.00000000000000       9.34229300E-14 -2.37960091E-04  3.56350558E-04
    0.00000000000000     0.00000000000000     0.00000000000000       1.16099303E-05  6.70299649E-06 -1.76506980E-04
    0.00000000000000     0.00000000000000     0.00000000000000      -2.98276624E-13 -7.00855584E-04  3.35816623E-04
    0.00000000000000     0.00000000000000     0.00000000000000      -2.40752680E-14 -1.48716408E-04 -2.96106390E-04
    0.00000000000000     0.00000000000000     0.00000000000000      -4.73942876E-04 -2.73631047E-04  3.64480446E-04
    0.00000000000000     0.00000000000000     0.00000000000000      -7.83710258E-14  9.25121439E-05  8.44593683E-05
    0.00000000000000     0.00000000000000     0.00000000000000       7.25698792E-05  4.18982393E-05 -2.14258517E-04
    0.00000000000000     0.00000000000000     0.00000000000000       7.84488134E-14  8.63676943E-05  1.82219521E-04
    0.00000000000000     0.00000000000000     0.00000000000000       2.06079484E-04  1.18980046E-04  3.56350558E-04
    0.00000000000000     0.00000000000000     0.00000000000000      -1.66504398E-13 -1.34059931E-05 -1.76506980E-04
    0.00000000000000     0.00000000000000     0.00000000000000       6.06958742E-04  3.50427793E-04  3.35816623E-04
    0.00000000000000     0.00000000000000     0.00000000000000      -1.28792187E-04  7.43582041E-05 -2.96106390E-04
   -0.00000000000000     0.00000000000000     0.00000000000000       9.79346118E-14  2.94581712E-13  1.39112755E-04
    0.00000000000000     0.00000000000000     0.00000000000000       8.01178666E-05 -4.62560719E-05  8.44593685E-05
   -0.00000000000000     0.00000000000000     0.00000000000000      -1.61992716E-13  9.17116024E-14  9.12115402E-06
    0.00000000000000     0.00000000000000     0.00000000000000       7.47966174E-05 -4.31838472E-05  1.82219521E-04
   -0.00000000000000     0.00000000000000     0.00000000000000       6.30079711E-14 -2.81863436E-13  1.38688887E-04
    0.00000000000000     0.00000000000000     0.00000000000000      -1.16099305E-05  6.70299641E-06 -1.76506980E-04
   -0.00000000000000     0.00000000000000     0.00000000000000       2.69145160E-14 -6.76363344E-14  1.47717654E-04
# Filename: xfset/XFSET.zno_mlff05, Snapshot: 1
    0.00000000000000     0.00000000000000    -0.01889726124994       2.74197466E-12  6.71968343E-13  4.77002697E-03
    0.00000000000000     0.00000000000000     0.00000000000000      -4.70166206E-04  2.71450585E-04 -3.52874093E-04
    0.00000000000000     0.00000000000000     0.00000000000000       1.64637495E-13 -3.09205784E-14 -2.36263255E-03
    0.00000000000000     0.00000000000000     0.00000000000000       6.78174130E-05 -3.91544016E-05  2.07238607E-04
    0.00000000000000     0.00000000000000     0.00000000000000      -4.90061997E-14  1.20181871E-14 -3.19098073E-04
    0.00000000000000     0.00000000000000     0.00000000000000       2.16115161E-04 -1.24774147E-04 -3.60952837E-04
    0.00000000000000     0.00000000000000     0.00000000000000      -4.12274379E-14 -6.42914668E-14  2.47220912E-04
    0.00000000000000     0.00000000000000     0.00000000000000       6.17279478E-04 -3.56386473E-04 -3.28419496E-04
    0.00000000000000     0.00000000000000     0.00000000000000      -1.23356467E-04 -7.12198892E-05  2.93885692E-04
    0.00000000000000     0.00000000000000     0.00000000000000      -5.25066426E-14 -5.42901171E-04 -3.52874093E-04
    0.00000000000000     0.00000000000000     0.00000000000000       7.72952913E-05  4.46264572E-05 -8.27351396E-05
    0.00000000000000     0.00000000000000     0.00000000000000       6.94254496E-14  7.83088033E-05  2.07238607E-04
    0.00000000000000     0.00000000000000     0.00000000000000       7.59826894E-05  4.38686263E-05 -1.81346996E-04
    0.00000000000000     0.00000000000000     0.00000000000000      -9.02336376E-14  2.49548294E-04 -3.60952837E-04
    0.00000000000000     0.00000000000000     0.00000000000000      -1.31820248E-05 -7.61064563E-06  1.73841909E-04
    0.00000000000000     0.00000000000000     0.00000000000000       3.01271447E-13  7.12772947E-04 -3.28419496E-04
    0.00000000000000     0.00000000000000     0.00000000000000       3.03760651E-14  1.42439778E-04  2.93885692E-04
    0.00000000000000     0.00000000000000     0.00000000000000       4.70166206E-04  2.71450586E-04 -3.52874093E-04
    0.00000000000000     0.00000000000000     0.00000000000000       7.75931496E-14 -8.92529145E-05 -8.27351395E-05
    0.00000000000000     0.00000000000000     0.00000000000000      -6.78174130E-05 -3.91544017E-05  2.07238607E-04
    0.00000000000000     0.00000000000000     0.00000000000000      -7.80209815E-14 -8.77372526E-05 -1.81346996E-04
    0.00000000000000     0.00000000000000     0.00000000000000      -2.16115162E-04 -1.24774147E-04 -3.60952837E-04
    0.00000000000000     0.00000000000000     0.00000000000000       1.61409309E-13  1.52212913E-05  1.73841909E-04
    0.00000000000000     0.00000000000000     0.00000000000000      -6.17279481E-04 -3.56386475E-04 -3.28419496E-04
    0.00000000000000     0.00000000000000     0.00000000000000       1.23356466E-04 -7.12198891E-05  2.93885692E-04
   -0.00000000000000     0.00000000000000     0.00000000000000      -9.42397000E-14 -2.95126225E-13 -1.40754751E-04
    0.00000000000000     0.00000000000000     0.00000000000000      -7.72952912E-05  4.46264572E-05 -8.27351397E-05
   -0.00000000000000     0.00000000000000     0.00000000000000       1.62887273E-13 -9.03892128E-14 -1.42884316E-05
    0.00000000000000     0.00000000000000     0.00000000000000      -7.59826897E-05  4.38686264E-05 -1.81346996E-04
   -0.00000000000000     0.00000000000000     0.00000000000000      -5.94297406E-14  2.82719100E-13 -1.41272187E-04
    0.00000000000000     0.00000000000000     0.00000000000000       1.31820250E-05 -7.61064555E-06  1.73841909E-04
   -0.00000000000000     0.00000000000000     0.00000000000000      -3.10372598E-14  7.73986805E-14 -1.45114821E-04
# Filename: xfset/XFSET.zno_mlff06, Snapshot: 1
    0.00000000000000     0.00000000000000     0.00000000000000       3.32623680E-04 -1.05451054E-07  1.13827078E-05
    0.00000000000000     0.00000000000000     0.00000000000000       1.51091767E-03 -8.19916898E-04  6.35637558E-04
    0.01889726124994     0.00000000000000     0.00000000000000      -4.65749291E-03  8.29758357E-05 -4.91170717E-05
    0.00000000000000     0.00000000000000     0.00000000000000       1.20524291E-04 -1.15974232E-04  1.25225926E-04
    0.00000000000000     0.00000000000000     0.00000000000000       2.77286132E-05  2.16062136E-07 -2.23168557E-06
    0.00000000000000     0.00000000000000     0.00000000000000       2.82957902E-05 -3.30136368E-05  6.98819376E-05
    0.00000000000000     0.00000000000000     0.00000000000000      -1.66778500E-04  3.44440706E-07  8.40823337E-07
    0.00000000000000     0.00000000000000     0.00000000000000       1.20568329E-04 -1.16424714E-04 -1.05454038E-04
    0.00000000000000     0.00000000000000     0.00000000000000      -6.83313576E-05  3.17380012E-05 -7.78439737E-05
    0.00000000000000     0.00000000000000     0.00000000000000       9.67467619E-05 -1.20036563E-05 -4.40862280E-06
    0.00000000000000     0.00000000000000     0.00000000000000       2.10511470E-04 -4.33970848E-04  9.52616037E-06
    0.00000000000000     0.00000000000000     0.00000000000000      -7.86632244E-05 -2.23651249E-06 -2.74515561E-06
    0.00000000000000     0.00000000000000     0.00000000000000      -1.28808762E-05  8.40698634E-05  1.22765058E-05
    0.00000000000000     0.00000000000000     0.00000000000000      -2.88459623E-05  7.54082284E-07 -1.49513812E-06
    0.00000000000000     0.00000000000000     0.00000000000000      -2.91714597E-06 -4.88195328E-05 -6.69928005E-05
    0.00000000000000     0.00000000000000     0.00000000000000      -7.86568283E-05 -1.89022173E-06  2.00567691E-06
    0.00000000000000     0.00000000000000     0.00000000000000      -1.23762467E-04 -3.79097278E-07  3.46831007E-06
    0.00000000000000     0.00000000000000     0.00000000000000       1.41207339E-03  7.56413144E-04 -5.89513043E-04
    0.00000000000000     0.00000000000000     0.00000000000000       9.59094711E-04 -6.34136021E-07  4.84404982E-08
    0.00000000000000     0.00000000000000     0.00000000000000       1.25018865E-04  1.16636555E-04 -1.25499413E-04
    0.00000000000000     0.00000000000000     0.00000000000000      -1.58528786E-04  6.15710039E-08  4.00718308E-06
    0.00000000000000     0.00000000000000     0.00000000000000       2.66690445E-05  3.20457502E-05 -7.05248324E-05
    0.00000000000000     0.00000000000000     0.00000000000000       8.10095984E-05  5.64769165E-07 -2.49720503E-07
    0.00000000000000     0.00000000000000     0.00000000000000       1.24964762E-04  1.16178248E-04  1.04627327E-04
    0.00000000000000     0.00000000000000     0.00000000000000      -6.88243824E-05 -3.19964861E-05  7.95266339E-05
   -0.00000000000000     0.00000000000000     0.00000000000000       3.81046024E-05 -1.58057833E-06 -2.71220718E-07
    0.00000000000000     0.00000000000000     0.00000000000000       2.06681529E-04  4.32652052E-04 -1.06694611E-05
   -0.00000000000000     0.00000000000000     0.00000000000000       4.95980046E-06 -2.35975841E-07  6.64006535E-07
    0.00000000000000     0.00000000000000     0.00000000000000      -1.26171520E-05 -8.42738215E-05 -1.24745566E-05
   -0.00000000000000     0.00000000000000     0.00000000000000       2.94293786E-05  4.11766888E-07 -4.35878258E-06
    0.00000000000000     0.00000000000000     0.00000000000000      -2.57770825E-06  4.78885332E-05  6.62991062E-05
   -0.00000000000000     0.00000000000000     0.00000000000000       4.95500885E-06  5.05123777E-07 -1.56878700E-06
# Filename: xfset/XFSET.zno_mlff07, Snapshot: 1
    0.00000000000000     0.00000000000000     0.00000000000000      -5.69405368E-14  3.32729549E-04  1.14020039E-05
    0.00000000000000     0.00000000000000     0.00000000000000      -7.76375425E-04  5.48072047E-04 -3.48751916E-04
    0.00000000000000     0.01889726124994     0.00000000000000      -5.09014951E-12 -4.74047619E-03 -4.96510387E-05
    0.00000000000000     0.00000000000000     0.00000000000000      -1.17791272E-04 -9.69415070E-06 -7.42646722E-05
    0.00000000000000     0.00000000000000     0.00000000000000       1.61020371E-14  2.75124519E-05 -2.24225037E-06
    0.00000000000000     0.00000000000000     0.00000000000000      -3.18048215E-05 -1.04739546E-05 -4.16359825E-05
    0.00000000000000     0.00000000000000     0.00000000000000      -1.39628775E-14 -1.67122953E-04  8.39068023E-07
    0.00000000000000     0.00000000000000     0.00000000000000      -1.17333808E-04 -9.52733733E-06  6.18485945E-05
    0.00000000000000     0.00000000000000     0.00000000000000       3.19997974E-05 -1.05019657E-04 -4.28145824E-05
    0.00000000000000     0.00000000000000     0.00000000000000       1.18976163E-13  1.99910574E-03  7.39734441E-04
    0.00000000000000     0.00000000000000     0.00000000000000      -4.33329276E-04  7.10683560E-04  5.67390720E-06
    0.00000000000000     0.00000000000000     0.00000000000000       2.41102724E-13  1.87842611E-04  1.45478071E-04
    0.00000000000000     0.00000000000000     0.00000000000000       8.40753864E-05 -1.09965582E-04  9.78508089E-06
    0.00000000000000     0.00000000000000     0.00000000000000       3.87771279E-14  4.72806112E-05  8.11337762E-05
    0.00000000000000     0.00000000000000     0.00000000000000      -4.89457136E-05  5.31167172E-05 -3.87620015E-05
    0.00000000000000     0.00000000000000     0.00000000000000       1.48457670E-13  1.88067774E-04 -1.22506141E-04
    0.00000000000000     0.00000000000000     0.00000000000000       1.42740280E-14 -5.02412515E-05  9.08452637E-05
    0.00000000000000     0.00000000000000     0.00000000000000       7.76375429E-04  5.48072049E-04 -3.48751918E-04
    0.00000000000000     0.00000000000000     0.00000000000000       1.15242357E-13 -4.31257042E-05 -1.24361452E-05
    0.00000000000000     0.00000000000000     0.00000000000000       1.17791272E-04 -9.69415078E-06 -7.42646724E-05
    0.00000000000000     0.00000000000000     0.00000000000000      -7.35092996E-15  3.60467004E-05 -1.57559316E-05
    0.00000000000000     0.00000000000000     0.00000000000000       3.18048215E-05 -1.04739546E-05 -4.16359825E-05
    0.00000000000000     0.00000000000000     0.00000000000000      -2.14304889E-14 -3.03522028E-05  7.65751812E-05
    0.00000000000000     0.00000000000000     0.00000000000000       1.17333808E-04 -9.52733742E-06  6.18485946E-05
    0.00000000000000     0.00000000000000     0.00000000000000      -3.19997973E-05 -1.05019657E-04 -4.28145824E-05
   -0.00000000000000     0.00000000000000     0.00000000000000       8.69665576E-14  3.96851761E-05 -2.84233583E-07
    0.00000000000000     0.00000000000000     0.00000000000000       4.33329276E-04  7.10683560E-04  5.67390728E-06
   -0.00000000000000     0.00000000000000     0.00000000000000      -3.62101365E-14  5.19633485E-06  6.77226904E-07
    0.00000000000000     0.00000000000000     0.00000000000000      -8.40753864E-05 -1.09965582E-04  9.78508081E-06
   -0.00000000000000     0.00000000000000     0.00000000000000      -5.97797849E-14  2.90175896E-05 -4.38055460E-06
    0.00000000000000     0.00000000000000     0.00000000000000       4.89457136E-05  5.31167172E-05 -3.87620016E-05
   -0.00000000000000     0.00000000000000     0.00000000000000      -3.60545612E-14  4.45047611E-06 -1.58559019E-06
# Filename: xfset/XFSET.zno_mlff08, Snapshot: 1
    0.00000000000000     0.00000000000000     0.00000000000000       5.62793421E-14 -3.32517814E-04  1.13634117E-05
    0.00000000000000     0.00000000000000     0.00000000000000       7.99172201E-04 -5.54802301E-04  3.58245994E-04
    0.00000000000000    -0.01889726124994     0.00000000000000       5.17964416E-12  4.57450979E-03 -4.85831117E-05
    0.00000000000000     0.00000000000000     0.00000000000000       1.14826193E-04  1.33385726E-05  7.05134247E-05
    0.00000000000000     0.00000000000000     0.00000000000000      -1.49352228E-14 -2.79447801E-05 -2.22112080E-06
    0.00000000000000     0.00000000000000     0.00000000000000       3.32344301E-05  9.67733988E-06  3.94280084E-05
    0.00000000000000     0.00000000000000     0.00000000000000       1.44296033E-14  1.66434048E-04  8.42578767E-07
    0.00000000000000     0.00000000000000     0.00000000000000       1.15293343E-04  1.34901058E-05 -5.94499923E-05
    0.00000000000000     0.00000000000000     0.00000000000000      -3.17109932E-05  1.05729231E-04  4.79999646E-05
    0.00000000000000     0.00000000000000     0.00000000000000      -8.94557614E-14 -1.83462141E-03 -6.75290805E-04
    0.00000000000000     0.00000000000000     0.00000000000000       4.33300203E-04 -7.07169931E-04 -5.99039207E-06
    0.00000000000000     0.00000000000000     0.00000000000000      -2.42152857E-13 -1.91982701E-04 -1.44012863E-04
    0.00000000000000     0.00000000000000     0.00000000000000      -8.42638919E-05  1.09908022E-04 -4.50834768E-06
    0.00000000000000     0.00000000000000     0.00000000000000      -3.80381455E-14 -4.52597234E-05 -8.09938942E-05
    0.00000000000000     0.00000000000000     0.00000000000000       4.77558255E-05 -5.30682313E-05  3.81977209E-05
    0.00000000000000     0.00000000000000     0.00000000000000      -1.49857847E-13 -1.91719639E-04  1.20066869E-04
    0.00000000000000     0.00000000000000     0.00000000000000      -1.58297804E-14  5.00973950E-05 -9.09140870E-05
    0.00000000000000     0.00000000000000     0.00000000000000      -7.99172206E-04 -5.54802303E-04  3.58245996E-04
    0.00000000000000     0.00000000000000     0.00000000000000      -1.13531029E-13  4.00058462E-05  1.08793947E-05
    0.00000000000000     0.00000000000000     0.00000000000000      -1.14826193E-04  1.33385727E-05  7.05134249E-05
    0.00000000000000     0.00000000000000     0.00000000000000       5.75628378E-15 -3.56468779E-05  1.28207307E-05
    0.00000000000000     0.00000000000000     0.00000000000000      -3.32344302E-05  9.67733991E-06  3.94280084E-05
    0.00000000000000     0.00000000000000     0.00000000000000       2.21694713E-14  3.09882036E-05 -7.73334498E-05
    0.00000000000000     0.00000000000000     0.00000000000000      -1.15293343E-04  1.34901059E-05 -5.94499924E-05
    0.00000000000000     0.00000000000000     0.00000000000000       3.17109932E-05  1.05729231E-04  4.79999646E-05
   -0.00000000000000     0.00000000000000     0.00000000000000      -8.45940353E-14 -3.65240260E-05 -2.58207787E-07
    0.00000000000000     0.00000000000000     0.00000000000000      -4.33300202E-04 -7.07169931E-04 -5.99039215E-06
   -0.00000000000000     0.00000000000000     0.00000000000000       3.46932779E-14 -4.72323965E-06  6.50786250E-07
    0.00000000000000     0.00000000000000     0.00000000000000       8.42638920E-05  1.09908022E-04 -4.50834761E-06
   -0.00000000000000     0.00000000000000     0.00000000000000       6.13744311E-14 -2.98411676E-05 -4.33701099E-06
    0.00000000000000     0.00000000000000     0.00000000000000      -4.77558255E-05 -5.30682313E-05  3.81977210E-05
   -0.00000000000000     0.00000000000000     0.00000000000000       3.48488531E-14 -5.45951703E-06 -1.55198400E-06
# Filename: xfset/XFSET.zno_mlff09, Snapshot: 1
    0.00000000000000     0.00000000000000     0.00000000000000       1.02368506E-13 -1.92874400E-13  2.36148732E-03
    0.00000000000000     0.00000000000000     0.00000000000000       5.17336447E-04 -2.98684338E-04  3.29760545E-04
    0.00000000000000     0.00000000000000     0.01889726124994       2.86966304E-12  5.70066563E-13 -4.40942473E-03
    0.00000000000000     0.00000000000000     0.00000000000000       1.05611266E-04 -6.09746926E-05  3.95832868E-04
    0.00000000000000     0.00000000000000     0.00000000000000       8.43995662E-15 -1.53202715E-13 -2.49130015E-04
    0.00000000000000     0.00000000000000     0.00000000000000       4.59415413E-05 -2.65243611E-05 -2.08948941E-04
    0.00000000000000     0.00000000000000     0.00000000000000      -4.24720398E-14 -1.33794704E-14  2.10031307E-04
    0.00000000000000     0.00000000000000     0.00000000000000      -1.23903550E-04  7.15357479E-05  3.96989222E-04
    0.00000000000000     0.00000000000000     0.00000000000000      -6.90385121E-05 -3.98594037E-05  8.21789841E-05
    0.00000000000000     0.00000000000000     0.00000000000000       3.18851449E-13  5.97368676E-04  3.29760545E-04
    0.00000000000000     0.00000000000000     0.00000000000000       9.72971751E-06  5.61745508E-06 -2.79969325E-04
    0.00000000000000     0.00000000000000     0.00000000000000       1.09991693E-13  1.21949385E-04  3.95832868E-04
    0.00000000000000     0.00000000000000     0.00000000000000      -1.87953500E-05 -1.08515001E-05 -1.69650870E-04
    0.00000000000000     0.00000000000000     0.00000000000000      -2.48531441E-14  5.30487225E-05 -2.08948941E-04
    0.00000000000000     0.00000000000000     0.00000000000000      -6.64230013E-05 -3.83493377E-05  1.46159531E-04
    0.00000000000000     0.00000000000000     0.00000000000000      -1.99836392E-13 -1.43071496E-04  3.96989222E-04
    0.00000000000000     0.00000000000000     0.00000000000000       9.42785938E-14  7.97188072E-05  8.21789840E-05
    0.00000000000000     0.00000000000000     0.00000000000000      -5.17336450E-04 -2.98684340E-04  3.29760546E-04
    0.00000000000000     0.00000000000000     0.00000000000000       1.17070366E-14 -1.12349100E-05 -2.79969325E-04
    0.00000000000000     0.00000000000000     0.00000000000000      -1.05611265E-04 -6.09746927E-05  3.95832868E-04
    0.00000000000000     0.00000000000000     0.00000000000000      -6.98921753E-14  2.17030009E-05 -1.69650870E-04
    0.00000000000000     0.00000000000000     0.00000000000000      -4.59415413E-05 -2.65243611E-05 -2.08948941E-04
    0.00000000000000     0.00000000000000     0.00000000000000      -3.84270836E-14  7.66986753E-05  1.46159531E-04
    0.00000000000000     0.00000000000000     0.00000000000000       1.23903550E-04  7.15357480E-05  3.96989222E-04
    0.00000000000000     0.00000000000000     0.00000000000000       6.90385122E-05 -3.98594037E-05  8.21789842E-05
   -0.00000000000000     0.00000000000000     0.00000000000000       6.40581039E-14 -1.97697233E-13  1.45752609E-04
    0.00000000000000     0.00000000000000     0.00000000000000      -9.72971763E-06  5.61745516E-06 -2.79969325E-04
   -0.00000000000000     0.00000000000000     0.00000000000000      -3.23985432E-14 -6.09077054E-14 -7.09836154E-05
    0.00000000000000     0.00000000000000     0.00000000000000       1.87953499E-05 -1.08515001E-05 -1.69650870E-04
   -0.00000000000000     0.00000000000000     0.00000000000000      -7.84488134E-14  1.06763507E-13  5.29053139E-06
    0.00000000000000     0.00000000000000     0.00000000000000       6.64230014E-05 -3.83493378E-05  1.46159532E-04
   -0.00000000000000     0.00000000000000     0.00000000000000      -1.45073909E-14 -4.65947836E-14 -7.00794492E-05
# Filename: xfset/XFSET.zno_mlff10, Snapshot: 1
    0.00000000000000     0.00000000000000     0.00000000000000      -1.07230232E-13  1.96841569E-13 -2.56260984E-03
    0.00000000000000     0.00000000000000     0.00000000000000      -5.17535029E-04  2.98798989E-04 -3.34713033E-04
    0.00000000000000     0.00000000000000    -0.01889726124994      -2.84663790E-12 -5.62054438E-13  4.61718225E-03
    0.00000000000000     0.00000000000000     0.00000000000000      -1.04610001E-04  6.03966123E-05 -3.96687693E-04
    0.00000000000000     0.00000000000000     0.00000000000000      -5.48402711E-15  1.49624484E-13  2.51432847E-04
    0.00000000000000     0.00000000000000     0.00000000000000      -4.51314938E-05  2.60566800E-05  2.12465490E-04
    0.00000000000000     0.00000000000000     0.00000000000000       3.99050484E-14  1.48574352E-14 -2.12890916E-04
    0.00000000000000     0.00000000000000     0.00000000000000       1.26933017E-04 -7.32848119E-05 -3.95451583E-04
    0.00000000000000     0.00000000000000     0.00000000000000       7.28010858E-05  4.20317266E-05 -8.49815777E-05
    0.00000000000000     0.00000000000000     0.00000000000000      -3.15701050E-13 -5.97597978E-04 -3.34713034E-04
    0.00000000000000     0.00000000000000     0.00000000000000      -1.05004602E-05 -6.06244356E-06  2.82225967E-04
    0.00000000000000     0.00000000000000     0.00000000000000      -1.11041826E-13 -1.20793225E-04 -3.96687693E-04
    0.00000000000000     0.00000000000000     0.00000000000000       1.88224424E-05  1.08671419E-05  1.80821644E-04
    0.00000000000000     0.00000000000000     0.00000000000000       2.50087194E-14 -5.21133603E-05  2.12465490E-04
    0.00000000000000     0.00000000000000     0.00000000000000       6.68469840E-05  3.85941242E-05 -1.52800855E-04
    0.00000000000000     0.00000000000000     0.00000000000000       2.02092233E-13  1.46569624E-04 -3.95451583E-04
    0.00000000000000     0.00000000000000     0.00000000000000      -9.20616466E-14 -8.40634530E-05 -8.49815776E-05
    0.00000000000000     0.00000000000000     0.00000000000000       5.17535032E-04  2.98798991E-04 -3.34713034E-04
    0.00000000000000     0.00000000000000     0.00000000000000      -9.29562043E-15  1.21248869E-05  2.82225967E-04
    0.00000000000000     0.00000000000000     0.00000000000000       1.04610001E-04  6.03966124E-05 -3.96687693E-04
    0.00000000000000     0.00000000000000     0.00000000000000       7.20702287E-14 -2.17342845E-05  1.80821643E-04
    0.00000000000000     0.00000000000000     0.00000000000000       4.51314938E-05  2.60566800E-05  2.12465490E-04
    0.00000000000000     0.00000000000000     0.00000000000000       4.28998717E-14 -7.71882483E-05 -1.52800854E-04
    0.00000000000000     0.00000000000000     0.00000000000000      -1.26933017E-04 -7.32848121E-05 -3.95451583E-04
    0.00000000000000     0.00000000000000     0.00000000000000      -7.28010859E-05  4.20317266E-05 -8.49815778E-05
   -0.00000000000000     0.00000000000000     0.00000000000000      -6.19967320E-14  1.98047277E-13 -1.47202483E-04
    0.00000000000000     0.00000000000000     0.00000000000000       1.05004603E-05 -6.06244364E-06  2.82225967E-04
   -0.00000000000000     0.00000000000000     0.00000000000000       2.93259322E-14  6.43692544E-14  6.93848986E-05
    0.00000000000000     0.00000000000000     0.00000000000000      -1.88224423E-05  1.08671419E-05  1.80821644E-04
   -0.00000000000000     0.00000000000000     0.00000000000000       8.10158048E-14 -1.10380631E-13 -1.82597809E-05
    0.00000000000000     0.00000000000000     0.00000000000000      -6.68469841E-05  3.85941243E-05 -1.52800855E-04
   -0.00000000000000     0.00000000000000     0.00000000000000       1.36128333E-14  4.51946064E-14  7.03279425E-05
