&general
  PREFIX = ZnO222
  MODE = optimize
  NAT = 32; NKD = 2
  KD =  Zn O
/
&optimize
  DFSET = DFSET_harmonic
/
&interaction
  NORDER = 1  # 1: harmonic, 2: cubic, ..
/

&cell                 # (2x2x2)
  12.2006             # factor in Bohr unit 
  1.0 0.0 0.0         # a1
  -0.5 0.866025 0.0   # a2
  0.0 0.0 1.6115      # a3
/

&cutoff 
  Zn-Zn None
  O-O None
  Zn-O None
/

&position
1 0.3333333334 0.1666666667 0.2503369419  
1 0.1666666666 0.3333333333 0.0003369419  
2 0.3333333334 0.1666666667 0.4398180581  
2 0.1666666666 0.3333333333 0.1898180581  
1 0.3333333334 0.1666666667 0.7503369419  
1 0.1666666666 0.3333333333 0.5003369419  
2 0.3333333334 0.1666666667 0.9398180581  
2 0.1666666666 0.3333333333 0.6898180581  
1 0.3333333333 0.6666666666 0.2503369419  
1 0.1666666666 0.8333333334 0.0003369419  
2 0.3333333333 0.6666666666 0.4398180581  
2 0.1666666666 0.8333333334 0.1898180581  
1 0.3333333333 0.6666666666 0.7503369419  
1 0.1666666666 0.8333333334 0.5003369419  
2 0.3333333333 0.6666666666 0.9398180581  
2 0.1666666666 0.8333333334 0.6898180581  
1 0.8333333334 0.1666666667 0.2503369419  
1 0.6666666666 0.3333333333 0.0003369419  
2 0.8333333334 0.1666666667 0.4398180581  
2 0.6666666666 0.3333333333 0.1898180581  
1 0.8333333334 0.1666666667 0.7503369419  
1 0.6666666666 0.3333333333 0.5003369419  
2 0.8333333334 0.1666666667 0.9398180581  
2 0.6666666666 0.3333333333 0.6898180581  
1 0.8333333334 0.6666666666 0.2503369419  
1 0.6666666666 0.8333333334 0.0003369419  
2 0.8333333334 0.6666666666 0.4398180581  
2 0.6666666666 0.8333333334 0.1898180581  
1 0.8333333334 0.6666666666 0.7503369419  
1 0.6666666666 0.8333333334 0.5003369419  
2 0.8333333334 0.6666666666 0.9398180581  
2 0.6666666666 0.8333333334 0.6898180581  



































