# Filename: disp01.pw.out, Snapshot: 1, E_pot (eV): 0.0004721175309911272
      0.0188974       0.0000000       0.0000000      -3.68259000E-03  2.30000000E-07  3.75100000E-05
      0.0000000       0.0000000       0.0000000       3.79900000E-05 -1.74800000E-05  4.31230000E-04
      0.0000000       0.0000000       0.0000000       1.83660000E-04 -3.58000000E-06 -6.23000000E-06
      0.0000000       0.0000000       0.0000000       1.11428000E-03 -6.21780000E-04  4.28600000E-04
      0.0000000       0.0000000       0.0000000       8.26000000E-06 -1.97000000E-06 -2.60000000E-07
      0.0000000       0.0000000       0.0000000       3.88800000E-05 -1.76000000E-05 -1.90080000E-04
      0.0000000       0.0000000       0.0000000       1.14180000E-04 -1.87000000E-06 -5.50000000E-07
      0.0000000       0.0000000       0.0000000       5.06000000E-06 -1.75700000E-05 -1.28600000E-05
      0.0000000       0.0000000       0.0000000       6.58400000E-05 -5.56760000E-04 -1.02660000E-04
      0.0000000       0.0000000       0.0000000       1.05800000E-05 -1.49000000E-06  5.70000000E-07
      0.0000000       0.0000000       0.0000000      -3.87000000E-06  6.37500000E-05  7.79900000E-05
      0.0000000       0.0000000       0.0000000       3.33800000E-05  4.78000000E-06  2.71000000E-06
      0.0000000       0.0000000       0.0000000       2.00000000E-07  2.16000000E-06  2.60500000E-05
      0.0000000       0.0000000       0.0000000       1.05400000E-05 -9.30000000E-07 -7.70000000E-07
      0.0000000       0.0000000       0.0000000       4.93000000E-06  6.84800000E-05 -8.30300000E-05
      0.0000000       0.0000000       0.0000000      -2.17800000E-05 -1.88000000E-06 -1.50000000E-07
      0.0000000       0.0000000       0.0000000       1.02912000E-03 -1.76000000E-06 -2.40000000E-07
      0.0000000       0.0000000       0.0000000       3.80700000E-05  1.42100000E-05 -4.31020000E-04
      0.0000000       0.0000000       0.0000000      -1.17950000E-04 -2.04000000E-06 -9.70000000E-07
      0.0000000       0.0000000       0.0000000       1.18407000E-03  6.67680000E-04 -4.62440000E-04
      0.0000000       0.0000000       0.0000000      -6.51000000E-06 -1.92000000E-06 -2.50000000E-07
      0.0000000       0.0000000       0.0000000       3.71700000E-05  1.40900000E-05  1.92170000E-04
      0.0000000       0.0000000       0.0000000      -1.17030000E-04 -2.16000000E-06 -2.40000000E-07
      0.0000000       0.0000000       0.0000000       5.31000000E-06  1.35700000E-05  1.24100000E-05
      0.0000000       0.0000000       0.0000000       6.78500000E-05  5.54350000E-04  1.04530000E-04
      0.0000000       0.0000000       0.0000000      -3.00800000E-05 -1.91000000E-06 -6.90000000E-07
      0.0000000       0.0000000       0.0000000      -4.31000000E-06 -6.76600000E-05 -7.85900000E-05
      0.0000000       0.0000000       0.0000000      -2.60000000E-07 -1.24000000E-06 -3.20000000E-07
      0.0000000       0.0000000       0.0000000       4.00000000E-07 -5.71000000E-06 -2.45900000E-05
      0.0000000       0.0000000       0.0000000      -3.01000000E-05 -2.21000000E-06 -3.00000000E-08
      0.0000000       0.0000000       0.0000000       4.58000000E-06 -7.20600000E-05  8.26200000E-05
      0.0000000       0.0000000       0.0000000       2.01300000E-05 -1.68000000E-06 -4.30000000E-07
# Filename: disp02.pw.out, Snapshot: 1, E_pot (eV): 0.0005636838447505675
      0.0000000       0.0188974       0.0000000      -4.78000000E-06 -3.72151000E-03  4.58500000E-05
      0.0000000       0.0000000       0.0000000      -1.58000000E-05  8.73000000E-06 -2.40500000E-04
      0.0000000       0.0000000       0.0000000       3.80000000E-07  2.27100000E-04  4.12000000E-06
      0.0000000       0.0000000       0.0000000      -6.54110000E-04  4.07780000E-04 -2.18570000E-04
      0.0000000       0.0000000       0.0000000      -4.81000000E-06 -2.89600000E-05  8.34000000E-06
      0.0000000       0.0000000       0.0000000      -1.56200000E-05  7.81000000E-06  1.17710000E-04
      0.0000000       0.0000000       0.0000000       3.80000000E-07  1.55790000E-04  9.86000000E-06
      0.0000000       0.0000000       0.0000000      -1.55900000E-05 -1.12500000E-05  4.93000000E-05
      0.0000000       0.0000000       0.0000000      -5.54470000E-04  7.15760000E-04 -4.87400000E-05
      0.0000000       0.0000000       0.0000000      -4.78000000E-06  8.73400000E-05  5.05640000E-04
      0.0000000       0.0000000       0.0000000       6.56600000E-05 -7.68700000E-05 -5.47100000E-05
      0.0000000       0.0000000       0.0000000       3.70000000E-07  1.42469000E-03  5.01530000E-04
      0.0000000       0.0000000       0.0000000       3.54000000E-06  5.10000000E-06  2.62100000E-05
      0.0000000       0.0000000       0.0000000      -4.79000000E-06  8.84500000E-05 -2.10170000E-04
      0.0000000       0.0000000       0.0000000       7.04000000E-05 -7.33900000E-05 -1.47040000E-04
      0.0000000       0.0000000       0.0000000       3.60000000E-07 -2.38300000E-05 -4.66000000E-06
      0.0000000       0.0000000       0.0000000       4.78000000E-06 -2.89930000E-04  1.29320000E-04
      0.0000000       0.0000000       0.0000000       1.58000000E-05  1.42500000E-05 -2.36680000E-04
      0.0000000       0.0000000       0.0000000      -3.80000000E-07  7.55500000E-05 -8.00000000E-05
      0.0000000       0.0000000       0.0000000       6.54110000E-04  4.07360000E-04 -3.60010000E-04
      0.0000000       0.0000000       0.0000000       4.81000000E-06 -3.42500000E-05 -1.97000000E-05
      0.0000000       0.0000000       0.0000000       1.56200000E-05  1.33400000E-05  1.21440000E-04
      0.0000000       0.0000000       0.0000000      -3.80000000E-07  8.69600000E-05  1.05780000E-04
      0.0000000       0.0000000       0.0000000       1.55900000E-05 -1.16700000E-05 -9.21000000E-05
      0.0000000       0.0000000       0.0000000       5.54470000E-04  7.21280000E-04 -5.25000000E-05
      0.0000000       0.0000000       0.0000000       4.78000000E-06  1.05300000E-05  8.27000000E-06
      0.0000000       0.0000000       0.0000000      -6.56600000E-05 -7.73100000E-05  8.67000000E-05
      0.0000000       0.0000000       0.0000000      -3.70000000E-07 -3.89100000E-05  1.00200000E-05
      0.0000000       0.0000000       0.0000000      -3.54000000E-06  1.06600000E-05  2.24600000E-05
      0.0000000       0.0000000       0.0000000       4.79000000E-06  1.11800000E-05  8.64000000E-06
      0.0000000       0.0000000       0.0000000      -7.04000000E-05 -7.38300000E-05 -5.61000000E-06
      0.0000000       0.0000000       0.0000000      -3.60000000E-07 -1.79400000E-05  9.78000000E-06
# Filename: disp03.pw.out, Snapshot: 1, E_pot (eV): 0.000555656484430264
     -0.0000000      -0.0188974       0.0000000      -4.78000000E-06  3.76362000E-03  4.60800000E-05
      0.0000000       0.0000000       0.0000000       1.58900000E-05 -3.50000000E-05  2.57990000E-04
      0.0000000       0.0000000       0.0000000       3.80000000E-07 -1.44770000E-04  4.18000000E-06
      0.0000000       0.0000000       0.0000000       6.32960000E-04 -4.06690000E-04  2.95850000E-04
      0.0000000       0.0000000       0.0000000      -4.81000000E-06 -4.93200000E-05  8.18000000E-06
      0.0000000       0.0000000       0.0000000       1.62700000E-05 -3.56400000E-05 -1.02030000E-04
      0.0000000       0.0000000       0.0000000       3.80000000E-07 -7.69000000E-05  9.96000000E-06
      0.0000000       0.0000000       0.0000000       1.53400000E-05  1.00300000E-05  3.53500000E-05
      0.0000000       0.0000000       0.0000000       5.55830000E-04 -7.04010000E-04  7.22500000E-05
      0.0000000       0.0000000       0.0000000      -4.78000000E-06 -1.05700000E-05 -4.92060000E-04
      0.0000000       0.0000000       0.0000000      -6.59800000E-05  7.94100000E-05 -1.44490000E-04
      0.0000000       0.0000000       0.0000000       3.70000000E-07 -1.62075000E-03 -5.27870000E-04
      0.0000000       0.0000000       0.0000000      -3.97000000E-06  9.63000000E-06 -2.29000000E-06
      0.0000000       0.0000000       0.0000000      -4.79000000E-06 -9.66000000E-06  2.28350000E-04
      0.0000000       0.0000000       0.0000000      -7.04000000E-05  7.57400000E-05 -5.10100000E-05
      0.0000000       0.0000000       0.0000000       3.60000000E-07 -5.60100000E-05  2.46200000E-05
      0.0000000       0.0000000       0.0000000       4.78000000E-06  2.13630000E-04 -1.12310000E-04
      0.0000000       0.0000000       0.0000000      -1.58900000E-05 -2.94800000E-05  2.61810000E-04
      0.0000000       0.0000000       0.0000000      -3.80000000E-07  3.68000000E-06  1.00480000E-04
      0.0000000       0.0000000       0.0000000      -6.32960000E-04 -4.07110000E-04  1.54410000E-04
      0.0000000       0.0000000       0.0000000       4.81000000E-06 -4.35600000E-05  3.62700000E-05
      0.0000000       0.0000000       0.0000000      -1.62700000E-05 -3.01100000E-05 -9.83000000E-05
      0.0000000       0.0000000       0.0000000      -3.80000000E-07 -7.88000000E-06 -8.55900000E-05
      0.0000000       0.0000000       0.0000000      -1.53400000E-05  9.61000000E-06 -1.06050000E-04
      0.0000000       0.0000000       0.0000000      -5.55830000E-04 -6.98490000E-04  6.84900000E-05
      0.0000000       0.0000000       0.0000000       4.78000000E-06  6.70800000E-05  7.78000000E-06
      0.0000000       0.0000000       0.0000000       6.59800000E-05  7.89700000E-05 -3.08000000E-06
      0.0000000       0.0000000       0.0000000      -3.70000000E-07 -4.16600000E-05  1.01700000E-05
      0.0000000       0.0000000       0.0000000       3.97000000E-06  1.51900000E-05 -6.04000000E-06
      0.0000000       0.0000000       0.0000000       4.79000000E-06  6.74400000E-05  8.34000000E-06
      0.0000000       0.0000000       0.0000000       7.04000000E-05  7.53000000E-05  9.04200000E-05
      0.0000000       0.0000000       0.0000000      -3.60000000E-07 -6.17100000E-05  1.01500000E-05
# Filename: disp04.pw.out, Snapshot: 1, E_pot (eV): 0.0006518487280388519
      0.0000000       0.0000000       0.0188962      -4.78000000E-06 -2.76000000E-06 -3.83159000E-03
      0.0000000       0.0000000       0.0000000       1.88710000E-04 -1.14470000E-04  3.14070000E-04
      0.0000000       0.0000000       0.0000000       3.80000000E-07  2.20000000E-07  1.83222000E-03
      0.0000000       0.0000000       0.0000000       4.69850000E-04 -2.70850000E-04  4.40140000E-04
      0.0000000       0.0000000       0.0000000      -4.81000000E-06 -2.78000000E-06  3.25370000E-04
      0.0000000       0.0000000       0.0000000      -4.33550000E-04  2.44780000E-04  3.15570000E-04
      0.0000000       0.0000000       0.0000000       3.80000000E-07  2.20000000E-07 -2.45120000E-04
      0.0000000       0.0000000       0.0000000       3.45200000E-05 -1.95100000E-05 -2.02770000E-04
      0.0000000       0.0000000       0.0000000      -1.04730000E-04 -6.04700000E-05 -3.47090000E-04
      0.0000000       0.0000000       0.0000000      -4.78000000E-06  2.20660000E-04  3.14070000E-04
      0.0000000       0.0000000       0.0000000      -1.81000000E-06 -1.04000000E-06  3.43500000E-05
      0.0000000       0.0000000       0.0000000       3.70000000E-07  5.42330000E-04  4.40140000E-04
      0.0000000       0.0000000       0.0000000       2.44000000E-05  1.40800000E-05  1.80310000E-04
      0.0000000       0.0000000       0.0000000      -4.79000000E-06 -4.97850000E-04  3.15570000E-04
      0.0000000       0.0000000       0.0000000       1.21200000E-05  6.99000000E-06 -2.54110000E-04
      0.0000000       0.0000000       0.0000000       3.60000000E-07  3.96500000E-05 -2.02770000E-04
      0.0000000       0.0000000       0.0000000       4.78000000E-06  1.18170000E-04 -3.50850000E-04
      0.0000000       0.0000000       0.0000000      -1.88710000E-04 -1.08950000E-04  3.17890000E-04
      0.0000000       0.0000000       0.0000000      -3.80000000E-07  2.31000000E-06  1.75760000E-04
      0.0000000       0.0000000       0.0000000      -4.69850000E-04 -2.71270000E-04  2.98700000E-04
      0.0000000       0.0000000       0.0000000       4.81000000E-06 -3.09500000E-05  1.76560000E-04
      0.0000000       0.0000000       0.0000000       4.33550000E-04  2.50310000E-04  3.19300000E-04
      0.0000000       0.0000000       0.0000000      -3.80000000E-07 -1.37700000E-05 -1.12680000E-04
      0.0000000       0.0000000       0.0000000      -3.45200000E-05 -1.99300000E-05 -3.44170000E-04
      0.0000000       0.0000000       0.0000000       1.04730000E-04 -5.49500000E-05 -3.50850000E-04
      0.0000000       0.0000000       0.0000000       4.78000000E-06  2.76000000E-06  8.50900000E-05
      0.0000000       0.0000000       0.0000000       1.81000000E-06 -1.48000000E-06  1.75760000E-04
      0.0000000       0.0000000       0.0000000      -3.70000000E-07 -2.10000000E-07  1.08360000E-04
      0.0000000       0.0000000       0.0000000      -2.44000000E-05  1.96400000E-05  1.76560000E-04
      0.0000000       0.0000000       0.0000000       4.79000000E-06  2.77000000E-06  8.46600000E-05
      0.0000000       0.0000000       0.0000000      -1.21200000E-05  6.55000000E-06 -1.12680000E-04
      0.0000000       0.0000000       0.0000000      -3.60000000E-07 -2.10000000E-07 -7.57800000E-05
# Filename: disp05.pw.out, Snapshot: 1, E_pot (eV): 0.0006368824698512508
      0.0000000       0.0000000      -0.0188974      -4.78000000E-06 -2.76000000E-06  3.74988000E-03
      0.0000000       0.0000000       0.0000000      -1.91780000E-04  1.05200000E-04 -2.77680000E-04
      0.0000000       0.0000000       0.0000000       3.80000000E-07  2.20000000E-07 -1.66699000E-03
      0.0000000       0.0000000       0.0000000      -4.73590000E-04  2.73850000E-04 -4.05850000E-04
      0.0000000       0.0000000       0.0000000      -4.81000000E-06 -2.78000000E-06 -2.89890000E-04
      0.0000000       0.0000000       0.0000000       4.30520000E-04 -2.54090000E-04 -2.76290000E-04
      0.0000000       0.0000000       0.0000000       3.80000000E-07  2.20000000E-07  2.75150000E-04
      0.0000000       0.0000000       0.0000000      -3.43700000E-05  2.02600000E-05  2.32950000E-04
      0.0000000       0.0000000       0.0000000       1.04340000E-04  6.02400000E-05  3.89240000E-04
      0.0000000       0.0000000       0.0000000      -4.78000000E-06 -2.18680000E-04 -2.77680000E-04
      0.0000000       0.0000000       0.0000000       1.64000000E-06  9.50000000E-07 -2.85970000E-04
      0.0000000       0.0000000       0.0000000       3.70000000E-07 -5.47060000E-04 -4.05850000E-04
      0.0000000       0.0000000       0.0000000      -2.42700000E-05 -1.40100000E-05 -1.35820000E-04
      0.0000000       0.0000000       0.0000000      -4.79000000E-06  4.99890000E-04 -2.76290000E-04
      0.0000000       0.0000000       0.0000000      -1.22200000E-05 -7.05000000E-06  7.90000000E-07
      0.0000000       0.0000000       0.0000000       3.60000000E-07 -3.99000000E-05  2.32950000E-04
      0.0000000       0.0000000       0.0000000       4.78000000E-06 -1.23240000E-04  3.85480000E-04
      0.0000000       0.0000000       0.0000000       1.91780000E-04  1.10720000E-04 -2.73860000E-04
      0.0000000       0.0000000       0.0000000      -3.80000000E-07 -1.67000000E-06 -1.44560000E-04
      0.0000000       0.0000000       0.0000000       4.73590000E-04  2.73430000E-04 -5.47290000E-04
      0.0000000       0.0000000       0.0000000       4.81000000E-06  2.52400000E-05 -1.39570000E-04
      0.0000000       0.0000000       0.0000000      -4.30520000E-04 -2.48560000E-04 -2.72560000E-04
      0.0000000       0.0000000       0.0000000      -3.80000000E-07  1.43300000E-05  1.42220000E-04
      0.0000000       0.0000000       0.0000000       3.43700000E-05  1.98400000E-05  9.15500000E-05
      0.0000000       0.0000000       0.0000000      -1.04340000E-04  6.57600000E-05  3.85480000E-04
      0.0000000       0.0000000       0.0000000       4.78000000E-06  2.76000000E-06 -4.74000000E-05
      0.0000000       0.0000000       0.0000000      -1.64000000E-06  5.10000000E-07 -1.44560000E-04
      0.0000000       0.0000000       0.0000000      -3.70000000E-07 -2.10000000E-07 -7.80600000E-05
      0.0000000       0.0000000       0.0000000       2.42700000E-05 -8.45000000E-06 -1.39570000E-04
      0.0000000       0.0000000       0.0000000       4.79000000E-06  2.77000000E-06 -4.79100000E-05
      0.0000000       0.0000000       0.0000000       1.22200000E-05 -7.49000000E-06  1.42220000E-04
      0.0000000       0.0000000       0.0000000      -3.60000000E-07 -2.10000000E-07  1.05700000E-04
# Filename: disp06.pw.out, Snapshot: 1, E_pot (eV): 0.0005378330239044336
      0.0000000       0.0000000       0.0000000       1.83220000E-04  1.62000000E-06  5.66000000E-06
      0.0000000       0.0000000       0.0000000       5.16000000E-06 -1.42900000E-05 -3.46000000E-05
      0.0188974       0.0000000       0.0000000      -4.18389000E-03 -9.47600000E-05 -3.92500000E-05
      0.0000000       0.0000000       0.0000000       1.00790000E-04 -6.96900000E-05  1.52060000E-04
      0.0000000       0.0000000       0.0000000       1.13990000E-04  1.15000000E-06 -2.00000000E-07
      0.0000000       0.0000000       0.0000000       1.11351000E-03 -6.18380000E-04 -4.55390000E-04
      0.0000000       0.0000000       0.0000000      -2.59200000E-05  1.00000000E-06 -5.00000000E-08
      0.0000000       0.0000000       0.0000000       1.00250000E-04 -6.92900000E-05 -2.65430000E-04
      0.0000000       0.0000000       0.0000000      -3.78000000E-06  6.67700000E-05 -1.37000000E-06
      0.0000000       0.0000000       0.0000000      -2.18100000E-05  1.15000000E-06 -3.30000000E-07
      0.0000000       0.0000000       0.0000000       2.20590000E-04 -4.50970000E-04  3.38000000E-06
      0.0000000       0.0000000       0.0000000      -2.22600000E-05  1.79000000E-06  7.10000000E-07
      0.0000000       0.0000000       0.0000000       4.88000000E-06  7.14100000E-05  1.25900000E-05
      0.0000000       0.0000000       0.0000000       3.28200000E-05  7.85000000E-06 -2.19000000E-06
      0.0000000       0.0000000       0.0000000      -2.99000000E-06 -2.08300000E-05 -1.05500000E-05
      0.0000000       0.0000000       0.0000000      -2.22200000E-05  1.44000000E-06 -5.20000000E-07
      0.0000000       0.0000000       0.0000000      -1.17910000E-04  9.70000000E-07  8.50000000E-07
      0.0000000       0.0000000       0.0000000       5.13000000E-06  1.66400000E-05  3.52400000E-05
      0.0000000       0.0000000       0.0000000       1.00521000E-03  7.70000000E-07 -3.40000000E-07
      0.0000000       0.0000000       0.0000000       9.98100000E-05  7.17800000E-05 -1.52890000E-04
      0.0000000       0.0000000       0.0000000      -1.17100000E-04  9.40000000E-07 -1.90000000E-07
      0.0000000       0.0000000       0.0000000       1.18420000E-03  6.70690000E-04  4.89620000E-04
      0.0000000       0.0000000       0.0000000       3.54000000E-05  1.08000000E-06 -7.00000000E-08
      0.0000000       0.0000000       0.0000000       1.00460000E-04  7.22700000E-05  2.66820000E-04
      0.0000000       0.0000000       0.0000000      -4.41000000E-06 -6.45600000E-05  1.57000000E-06
      0.0000000       0.0000000       0.0000000       1.99100000E-05  9.70000000E-07  1.00000000E-08
      0.0000000       0.0000000       0.0000000       2.22030000E-04  4.53740000E-04 -2.63000000E-06
      0.0000000       0.0000000       0.0000000      -1.32800000E-05  1.08000000E-06 -2.70000000E-07
      0.0000000       0.0000000       0.0000000       4.41000000E-06 -6.90700000E-05 -1.23100000E-05
      0.0000000       0.0000000       0.0000000      -6.00000000E-08  2.29000000E-06 -6.00000000E-07
      0.0000000       0.0000000       0.0000000      -2.80000000E-06  2.33100000E-05  1.05200000E-05
      0.0000000       0.0000000       0.0000000      -1.33200000E-05  1.13000000E-06  1.50000000E-07
# Filename: disp07.pw.out, Snapshot: 1, E_pot (eV): 0.0005941605954458489
      0.0000000       0.0000000       0.0000000      -4.78000000E-06  1.42940000E-04  1.29000000E-05
      0.0000000       0.0000000       0.0000000      -1.53900000E-05 -2.71400000E-05  2.68400000E-05
      0.0000000       0.0188974       0.0000000       3.80000000E-07 -4.04000000E-03 -3.62000000E-06
      0.0000000       0.0000000       0.0000000      -7.02100000E-05  1.63000000E-05 -4.58900000E-05
      0.0000000       0.0000000       0.0000000      -4.81000000E-06  7.38900000E-05  7.31000000E-06
      0.0000000       0.0000000       0.0000000      -6.54400000E-04  3.92140000E-04  2.83970000E-04
      0.0000000       0.0000000       0.0000000       3.80000000E-07  1.28400000E-05  9.53000000E-06
      0.0000000       0.0000000       0.0000000      -7.07300000E-05  1.65100000E-05  1.94900000E-04
      0.0000000       0.0000000       0.0000000       6.60300000E-05 -7.41600000E-05  1.05200000E-05
      0.0000000       0.0000000       0.0000000      -4.78000000E-06  5.15900000E-05 -3.24200000E-05
      0.0000000       0.0000000       0.0000000      -4.52360000E-04  7.43120000E-04 -9.82500000E-05
      0.0000000       0.0000000       0.0000000       3.70000000E-07  1.00170000E-04  1.85100000E-04
      0.0000000       0.0000000       0.0000000       7.05700000E-05 -7.05800000E-05  1.78300000E-05
      0.0000000       0.0000000       0.0000000      -4.79000000E-06  1.49886000E-03 -5.14320000E-04
      0.0000000       0.0000000       0.0000000      -2.19100000E-05  2.19300000E-05 -1.05810000E-04
      0.0000000       0.0000000       0.0000000       3.60000000E-07  9.93200000E-05 -2.97060000E-04
      0.0000000       0.0000000       0.0000000       4.78000000E-06 -6.85000000E-06  9.23000000E-06
      0.0000000       0.0000000       0.0000000       1.53900000E-05 -2.16200000E-05  3.06600000E-05
      0.0000000       0.0000000       0.0000000      -3.80000000E-07 -6.50000000E-07  6.55000000E-06
      0.0000000       0.0000000       0.0000000       7.02100000E-05  1.58800000E-05 -1.87330000E-04
      0.0000000       0.0000000       0.0000000       4.81000000E-06  4.70000000E-06 -6.65000000E-06
      0.0000000       0.0000000       0.0000000       6.54400000E-04  3.97670000E-04  2.87700000E-04
      0.0000000       0.0000000       0.0000000      -3.80000000E-07  2.30000000E-05  2.18400000E-05
      0.0000000       0.0000000       0.0000000       7.07300000E-05  1.60900000E-05  5.35000000E-05
      0.0000000       0.0000000       0.0000000      -6.60300000E-05 -6.86400000E-05  6.76000000E-06
      0.0000000       0.0000000       0.0000000       4.78000000E-06  5.73200000E-05  7.47000000E-06
      0.0000000       0.0000000       0.0000000       4.52360000E-04  7.42680000E-04  4.31600000E-05
      0.0000000       0.0000000       0.0000000      -3.70000000E-07 -5.47900000E-05  9.47000000E-06
      0.0000000       0.0000000       0.0000000      -7.05700000E-05 -6.50200000E-05  1.40800000E-05
      0.0000000       0.0000000       0.0000000       4.79000000E-06  3.58500000E-05  7.07000000E-06
      0.0000000       0.0000000       0.0000000       2.19100000E-05  2.14900000E-05  3.56200000E-05
      0.0000000       0.0000000       0.0000000      -3.60000000E-07 -5.48500000E-05  9.30000000E-06
# Filename: disp08.pw.out, Snapshot: 1, E_pot (eV): 0.0006250455126004607
      0.0000000       0.0000000       0.0000000      -4.78000000E-06 -2.21230000E-04  1.42700000E-05
      0.0000000       0.0000000       0.0000000       1.52000000E-05  9.80000000E-07 -1.19100000E-05
     -0.0000000      -0.0188974       0.0000000       3.80000000E-07  4.24194000E-03 -3.54300000E-05
      0.0000000       0.0000000       0.0000000       7.10700000E-05 -1.84500000E-05  1.31510000E-04
      0.0000000       0.0000000       0.0000000      -4.81000000E-06 -1.51910000E-04  7.70000000E-06
      0.0000000       0.0000000       0.0000000       6.32690000E-04 -4.15010000E-04 -2.60520000E-04
      0.0000000       0.0000000       0.0000000       3.80000000E-07  6.70500000E-05  1.07900000E-05
      0.0000000       0.0000000       0.0000000       7.06800000E-05 -1.83200000E-05 -1.10930000E-04
      0.0000000       0.0000000       0.0000000      -6.52800000E-05  8.86400000E-05  1.34000000E-05
      0.0000000       0.0000000       0.0000000      -4.78000000E-06  2.63400000E-05  4.81000000E-05
      0.0000000       0.0000000       0.0000000       4.53460000E-04 -7.42020000E-04 -1.00320000E-04
      0.0000000       0.0000000       0.0000000       3.70000000E-07 -1.79680000E-04 -1.66340000E-04
      0.0000000       0.0000000       0.0000000      -7.02400000E-05  8.56000000E-05  4.21000000E-06
      0.0000000       0.0000000       0.0000000      -4.79000000E-06 -1.54008000E-03  5.76580000E-04
      0.0000000       0.0000000       0.0000000       2.19700000E-05 -2.00000000E-05 -9.23000000E-05
      0.0000000       0.0000000       0.0000000       3.60000000E-07 -1.80390000E-04  3.19150000E-04
      0.0000000       0.0000000       0.0000000       4.78000000E-06 -7.15800000E-05  6.35000000E-06
      0.0000000       0.0000000       0.0000000      -1.52000000E-05  6.50000000E-06 -8.09000000E-06
      0.0000000       0.0000000       0.0000000      -3.80000000E-07  8.20100000E-05  1.44300000E-05
      0.0000000       0.0000000       0.0000000      -7.10700000E-05 -1.88700000E-05 -9.93000000E-06
      0.0000000       0.0000000       0.0000000       4.81000000E-06 -8.33000000E-05  2.18000000E-05
      0.0000000       0.0000000       0.0000000      -6.32690000E-04 -4.09480000E-04 -2.56790000E-04
      0.0000000       0.0000000       0.0000000      -3.80000000E-07  5.69100000E-05 -1.33000000E-06
      0.0000000       0.0000000       0.0000000      -7.06800000E-05 -1.87400000E-05 -2.52330000E-04
      0.0000000       0.0000000       0.0000000       6.52800000E-05  9.41600000E-05  9.64000000E-06
      0.0000000       0.0000000       0.0000000       4.78000000E-06  2.09400000E-05  8.62000000E-06
      0.0000000       0.0000000       0.0000000      -4.53460000E-04 -7.42460000E-04  4.10900000E-05
      0.0000000       0.0000000       0.0000000      -3.70000000E-07 -2.49500000E-05  1.06200000E-05
      0.0000000       0.0000000       0.0000000       7.02400000E-05  9.11600000E-05  4.60000000E-07
      0.0000000       0.0000000       0.0000000       4.79000000E-06  3.97000000E-05  7.46000000E-06
      0.0000000       0.0000000       0.0000000      -2.19700000E-05 -2.04400000E-05  4.91300000E-05
      0.0000000       0.0000000       0.0000000      -3.60000000E-07 -2.50200000E-05  1.09000000E-05
# Filename: disp09.pw.out, Snapshot: 1, E_pot (eV): 0.0006959311758701466
      0.0000000       0.0000000       0.0000000      -4.78000000E-06 -2.76000000E-06  1.69452000E-03
      0.0000000       0.0000000       0.0000000       1.23600000E-05 -1.26600000E-05 -2.02590000E-04
      0.0000000       0.0000000       0.0188974       3.80000000E-07  2.20000000E-07 -4.14611000E-03
      0.0000000       0.0000000       0.0000000       2.64630000E-04 -1.52360000E-04  3.34430000E-04
      0.0000000       0.0000000       0.0000000      -4.81000000E-06 -2.78000000E-06 -2.45460000E-04
      0.0000000       0.0000000       0.0000000      -4.48120000E-04  2.53190000E-04  4.35940000E-04
      0.0000000       0.0000000       0.0000000       3.80000000E-07  2.20000000E-07  2.00340000E-04
      0.0000000       0.0000000       0.0000000      -1.53610000E-04  8.91100000E-05  3.36880000E-04
      0.0000000       0.0000000       0.0000000       7.79700000E-05  4.50200000E-05  1.78290000E-04
      0.0000000       0.0000000       0.0000000      -4.78000000E-06  1.70400000E-05 -2.02590000E-04
      0.0000000       0.0000000       0.0000000       2.82000000E-06  1.63000000E-06 -3.17260000E-04
      0.0000000       0.0000000       0.0000000       3.70000000E-07  3.05360000E-04  3.34430000E-04
      0.0000000       0.0000000       0.0000000      -8.30400000E-05 -4.79400000E-05 -1.07880000E-04
      0.0000000       0.0000000       0.0000000      -4.79000000E-06 -5.14670000E-04  4.35940000E-04
      0.0000000       0.0000000       0.0000000      -1.03600000E-05 -5.98000000E-06  5.86100000E-05
      0.0000000       0.0000000       0.0000000       3.60000000E-07 -1.77580000E-04  3.36880000E-04
      0.0000000       0.0000000       0.0000000       4.78000000E-06 -9.27900000E-05  1.74530000E-04
      0.0000000       0.0000000       0.0000000      -1.23600000E-05 -7.14000000E-06 -1.98770000E-04
      0.0000000       0.0000000       0.0000000      -3.80000000E-07 -3.04000000E-06 -1.75850000E-04
      0.0000000       0.0000000       0.0000000      -2.64630000E-04 -1.52780000E-04  1.92990000E-04
      0.0000000       0.0000000       0.0000000       4.81000000E-06  9.31100000E-05 -1.11630000E-04
      0.0000000       0.0000000       0.0000000       4.48120000E-04  2.58720000E-04  4.39670000E-04
      0.0000000       0.0000000       0.0000000      -3.80000000E-07  1.21800000E-05  2.00040000E-04
      0.0000000       0.0000000       0.0000000       1.53610000E-04  8.86900000E-05  1.95480000E-04
      0.0000000       0.0000000       0.0000000      -7.79700000E-05  5.05400000E-05  1.74530000E-04
      0.0000000       0.0000000       0.0000000       4.78000000E-06  2.76000000E-06 -7.54100000E-05
      0.0000000       0.0000000       0.0000000      -2.82000000E-06  1.19000000E-06 -1.75850000E-04
      0.0000000       0.0000000       0.0000000      -3.70000000E-07 -2.10000000E-07  1.94900000E-05
      0.0000000       0.0000000       0.0000000       8.30400000E-05 -4.23800000E-05 -1.11630000E-04
      0.0000000       0.0000000       0.0000000       4.79000000E-06  2.77000000E-06  1.09440000E-04
      0.0000000       0.0000000       0.0000000       1.03600000E-05 -6.42000000E-06  2.00040000E-04
      0.0000000       0.0000000       0.0000000      -3.60000000E-07 -2.10000000E-07  1.85000000E-05
# Filename: disp10.pw.out, Snapshot: 1, E_pot (eV): 0.0007042306471633372
      0.0000000       0.0000000       0.0000000      -4.78000000E-06 -2.76000000E-06 -1.79794000E-03
      0.0000000       0.0000000       0.0000000      -1.27300000E-05  1.83000000E-06  2.40950000E-04
      0.0000000       0.0000000      -0.0188974       3.80000000E-07  2.20000000E-07  4.32319000E-03
      0.0000000       0.0000000       0.0000000      -2.67780000E-04  1.55020000E-04 -3.05900000E-04
      0.0000000       0.0000000       0.0000000      -4.81000000E-06 -2.78000000E-06  2.82260000E-04
      0.0000000       0.0000000       0.0000000       4.42670000E-04 -2.61110000E-04 -4.03050000E-04
      0.0000000       0.0000000       0.0000000       3.80000000E-07  2.20000000E-07 -1.69060000E-04
      0.0000000       0.0000000       0.0000000       1.51200000E-04 -8.68700000E-05 -3.03190000E-04
      0.0000000       0.0000000       0.0000000      -7.83800000E-05 -4.52500000E-05 -1.34870000E-04
      0.0000000       0.0000000       0.0000000      -4.78000000E-06 -1.19400000E-05  2.40950000E-04
      0.0000000       0.0000000       0.0000000      -3.34000000E-06 -1.93000000E-06  6.75300000E-05
      0.0000000       0.0000000       0.0000000       3.70000000E-07 -3.09420000E-04 -3.05900000E-04
      0.0000000       0.0000000       0.0000000       8.27100000E-05  4.77600000E-05  1.54560000E-04
      0.0000000       0.0000000       0.0000000      -4.79000000E-06  5.13920000E-04 -4.03050000E-04
      0.0000000       0.0000000       0.0000000       1.06300000E-05  6.14000000E-06 -3.10370000E-04
      0.0000000       0.0000000       0.0000000       3.60000000E-07  1.74380000E-04 -3.03190000E-04
      0.0000000       0.0000000       0.0000000       4.78000000E-06  8.77500000E-05 -1.38630000E-04
      0.0000000       0.0000000       0.0000000       1.27300000E-05  7.35000000E-06  2.44770000E-04
      0.0000000       0.0000000       0.0000000      -3.80000000E-07  4.08000000E-06  2.08940000E-04
      0.0000000       0.0000000       0.0000000       2.67780000E-04  1.54600000E-04 -4.47340000E-04
      0.0000000       0.0000000       0.0000000       4.81000000E-06 -9.82900000E-05  1.50810000E-04
      0.0000000       0.0000000       0.0000000      -4.42670000E-04 -2.55580000E-04 -3.99320000E-04
      0.0000000       0.0000000       0.0000000      -3.80000000E-07 -1.20500000E-05 -1.68940000E-04
      0.0000000       0.0000000       0.0000000      -1.51200000E-04 -8.72900000E-05 -4.44590000E-04
      0.0000000       0.0000000       0.0000000       7.83800000E-05 -3.97300000E-05 -1.38630000E-04
      0.0000000       0.0000000       0.0000000       4.78000000E-06  2.76000000E-06  1.13640000E-04
      0.0000000       0.0000000       0.0000000       3.34000000E-06 -2.37000000E-06  2.08940000E-04
      0.0000000       0.0000000       0.0000000      -3.70000000E-07 -2.10000000E-07  1.30600000E-05
      0.0000000       0.0000000       0.0000000      -8.27100000E-05  5.33200000E-05  1.50810000E-04
      0.0000000       0.0000000       0.0000000       4.79000000E-06  2.77000000E-06 -7.00900000E-05
      0.0000000       0.0000000       0.0000000      -1.06300000E-05  5.70000000E-06 -1.68940000E-04
      0.0000000       0.0000000       0.0000000      -3.60000000E-07 -2.10000000E-07  1.25700000E-05
