# Filename: xfset/XFSET.zno_mlff01, Snapshot: 1
    0.01889726124994     0.00000000000000     0.00000000000000      -4.70111563E-03  7.19659495E-05  4.69786439E-05
    0.00000000000000     0.00000000000000     0.00000000000000       3.65309521E-05 -8.90084994E-05  2.42495000E-04
    0.00000000000000     0.00000000000000     0.00000000000000       2.71801193E-04  8.60299115E-07 -7.95049717E-06
    0.00000000000000     0.00000000000000     0.00000000000000       1.54297727E-05 -2.98245569E-05  1.37228776E-04
    0.00000000000000     0.00000000000000     0.00000000000000      -3.02352122E-05  9.07988635E-07 -2.58245581E-07
    0.00000000000000     0.00000000000000     0.00000000000000       3.75891048E-05 -8.94359463E-05 -4.34546872E-04
    0.00000000000000     0.00000000000000     0.00000000000000       1.24670363E-04 -1.33537570E-06  6.13239136E-07
    0.00000000000000     0.00000000000000     0.00000000000000       1.65552865E-03 -9.58086849E-04 -5.92309774E-04
    0.00000000000000     0.00000000000000     0.00000000000000       9.04972008E-05 -6.30957675E-04  1.43493837E-04
    0.00000000000000     0.00000000000000     0.00000000000000      -1.17153377E-04 -1.20021901E-06 -3.86793346E-07
    0.00000000000000     0.00000000000000     0.00000000000000      -3.39672599E-05  5.69645045E-05 -8.19020457E-05
    0.00000000000000     0.00000000000000     0.00000000000000      -3.64374827E-05 -4.34208781E-07 -2.47224821E-06
    0.00000000000000     0.00000000000000     0.00000000000000      -1.44099747E-07 -1.39799967E-05 -3.25064646E-05
    0.00000000000000     0.00000000000000     0.00000000000000      -1.17182733E-04  4.03078459E-07  1.44181474E-06
    0.00000000000000     0.00000000000000     0.00000000000000      -1.45085677E-05  1.36104740E-04  7.89919229E-05
    0.00000000000000     0.00000000000000     0.00000000000000       1.70257314E-06 -6.44052410E-06  5.07376882E-06
    0.00000000000000     0.00000000000000     0.00000000000000       1.18005469E-03  7.81457784E-07 -6.74468420E-07
    0.00000000000000     0.00000000000000     0.00000000000000       3.74842391E-05  8.90359471E-05 -2.44047266E-04
    0.00000000000000     0.00000000000000     0.00000000000000      -1.31719248E-04 -1.09644326E-06 -1.70286851E-06
    0.00000000000000     0.00000000000000     0.00000000000000       1.56000341E-05  3.01791004E-05 -1.40176302E-04
    0.00000000000000     0.00000000000000     0.00000000000000       2.25361759E-05  1.51853795E-06  4.64168818E-08
    0.00000000000000     0.00000000000000     0.00000000000000       3.64354049E-05  8.86361522E-05  4.33598733E-04
    0.00000000000000     0.00000000000000     0.00000000000000      -2.47669181E-04 -9.97310091E-07  8.33806443E-07
    0.00000000000000     0.00000000000000     0.00000000000000       1.55378412E-03  8.93286037E-04  5.52604370E-04
    0.00000000000000     0.00000000000000     0.00000000000000       8.70530964E-05  6.29115507E-04 -1.44515519E-04
   -0.00000000000000     0.00000000000000     0.00000000000000       9.15293980E-05  1.43168062E-06  3.64486178E-06
    0.00000000000000     0.00000000000000     0.00000000000000      -3.53556142E-05 -5.51355777E-05  8.74846725E-05
   -0.00000000000000     0.00000000000000     0.00000000000000       6.63501704E-05  1.13546403E-07 -1.08485040E-06
    0.00000000000000     0.00000000000000     0.00000000000000       9.11405272E-07  1.15949435E-05  3.15713724E-05
   -0.00000000000000     0.00000000000000     0.00000000000000       9.15466913E-05  1.32471521E-06 -2.17134959E-06
    0.00000000000000     0.00000000000000     0.00000000000000      -1.34697554E-05 -1.33738835E-04 -8.03662680E-05
   -0.00000000000000     0.00000000000000     0.00000000000000       6.19229279E-05 -2.55216706E-06  9.70598058E-07
# Filename: xfset/XFSET.zno_mlff02, Snapshot: 1
    0.00000000000000     0.01889726124994     0.00000000000000      -4.62112906E-12 -4.77308564E-03  4.74132336E-05
    0.00000000000000     0.00000000000000     0.00000000000000      -8.97083394E-05 -6.51089977E-05 -1.40948804E-04
    0.00000000000000     0.00000000000000     0.00000000000000      -2.48920380E-15  2.70940838E-04 -7.95307740E-06
    0.00000000000000     0.00000000000000     0.00000000000000      -3.03464761E-05 -1.90491434E-05 -8.22211302E-05
    0.00000000000000     0.00000000000000     0.00000000000000       4.95118193E-14 -3.11431759E-05 -2.72187402E-07
    0.00000000000000     0.00000000000000     0.00000000000000      -8.85651783E-05 -6.59894006E-05  2.51412374E-04
    0.00000000000000     0.00000000000000     0.00000000000000       3.36431451E-14  1.26005607E-04  6.09831003E-07
    0.00000000000000     0.00000000000000     0.00000000000000      -9.10337572E-04  5.30185957E-04  3.27119546E-04
    0.00000000000000     0.00000000000000     0.00000000000000      -6.31029515E-04  8.17637824E-04  8.25298391E-05
    0.00000000000000     0.00000000000000     0.00000000000000      -1.50907980E-14  8.82525822E-05  2.80020201E-04
    0.00000000000000     0.00000000000000     0.00000000000000       5.71995472E-05 -9.92166771E-05 -4.91115544E-05
    0.00000000000000     0.00000000000000     0.00000000000000       2.10415508E-14  3.27703211E-05  1.59016969E-04
    0.00000000000000     0.00000000000000     0.00000000000000      -1.43510906E-05  1.51371368E-05 -1.86366649E-05
    0.00000000000000     0.00000000000000     0.00000000000000       1.90968604E-14  8.92175302E-05 -5.02339772E-04
    0.00000000000000     0.00000000000000     0.00000000000000       1.36177279E-04 -1.70533758E-04  4.63378521E-05
    0.00000000000000     0.00000000000000     0.00000000000000       3.66496365E-13  2.22188514E-03 -6.89334551E-04
    0.00000000000000     0.00000000000000     0.00000000000000       8.57997433E-14 -2.76608164E-04 -1.66729848E-04
    0.00000000000000     0.00000000000000     0.00000000000000       8.97083394E-05 -6.51089977E-05 -1.40948804E-04
    0.00000000000000     0.00000000000000     0.00000000000000       2.23639404E-14 -3.34110873E-06  1.02075684E-04
    0.00000000000000     0.00000000000000     0.00000000000000       3.03464761E-05 -1.90491435E-05 -8.22211302E-05
    0.00000000000000     0.00000000000000     0.00000000000000      -4.57391197E-14 -6.10416665E-06  3.63424506E-05
    0.00000000000000     0.00000000000000     0.00000000000000       8.85651783E-05 -6.59894006E-05  2.51412375E-04
    0.00000000000000     0.00000000000000     0.00000000000000      -4.30943407E-14  6.40518132E-05 -9.31912865E-05
    0.00000000000000     0.00000000000000     0.00000000000000       9.10337576E-04  5.30185959E-04  3.27119548E-04
    0.00000000000000     0.00000000000000     0.00000000000000       6.31029515E-04  8.17637824E-04  8.25298391E-05
   -0.00000000000000     0.00000000000000     0.00000000000000      -7.40149191E-14  9.00982842E-05  3.66062085E-06
    0.00000000000000     0.00000000000000     0.00000000000000      -5.71995472E-05 -9.92166772E-05 -4.91115544E-05
   -0.00000000000000     0.00000000000000     0.00000000000000      -3.54322603E-14  6.62366608E-05 -1.06083135E-06
    0.00000000000000     0.00000000000000     0.00000000000000       1.43510906E-05  1.51371367E-05 -1.86366649E-05
   -0.00000000000000     0.00000000000000     0.00000000000000      -7.52595210E-14  9.02224812E-05 -2.19068460E-06
    0.00000000000000     0.00000000000000     0.00000000000000      -1.36177279E-04 -1.70533758E-04  4.63378520E-05
   -0.00000000000000     0.00000000000000     0.00000000000000      -4.86172616E-15  6.44751056E-05  9.70328678E-07
# Filename: xfset/XFSET.zno_mlff03, Snapshot: 1
    0.00000000000000    -0.01889726124994     0.00000000000000       4.65722251E-12  4.62914570E-03  4.65440596E-05
    0.00000000000000     0.00000000000000     0.00000000000000       8.83062372E-05  6.64410175E-05  1.39915402E-04
    0.00000000000000     0.00000000000000     0.00000000000000       6.92309806E-15 -2.72661544E-04 -7.94791679E-06
    0.00000000000000     0.00000000000000     0.00000000000000       2.96404005E-05  1.92005845E-05  7.79424437E-05
    0.00000000000000     0.00000000000000     0.00000000000000      -4.74115535E-14  2.93272485E-05 -2.44303753E-07
    0.00000000000000     0.00000000000000     0.00000000000000       8.94922510E-05  6.55878766E-05 -2.49805923E-04
    0.00000000000000     0.00000000000000     0.00000000000000      -3.47321717E-14 -1.23335123E-04  6.16647174E-07
    0.00000000000000     0.00000000000000     0.00000000000000       9.40309513E-04 -5.41436036E-04 -3.33587740E-04
    0.00000000000000     0.00000000000000     0.00000000000000       6.29063002E-04 -8.14940698E-04 -8.37697604E-05
    0.00000000000000     0.00000000000000     0.00000000000000       1.24071252E-14 -8.85710774E-05 -2.81831519E-04
    0.00000000000000     0.00000000000000     0.00000000000000      -5.48774333E-05  9.95299479E-05  4.87020345E-05
    0.00000000000000     0.00000000000000     0.00000000000000      -1.91357542E-14 -3.29137840E-05 -1.61299145E-04
    0.00000000000000     0.00000000000000     0.00000000000000       1.12205761E-05 -1.51687563E-05  1.83868268E-05
    0.00000000000000     0.00000000000000     0.00000000000000      -2.03414623E-14 -8.76205733E-05  5.00114222E-04
    0.00000000000000     0.00000000000000     0.00000000000000      -1.33659598E-04  1.69021791E-04 -4.56842798E-05
    0.00000000000000     0.00000000000000     0.00000000000000      -3.50472116E-13 -2.05690165E-03  6.33007662E-04
    0.00000000000000     0.00000000000000     0.00000000000000      -7.75153620E-14  2.73338909E-04  1.65817389E-04
    0.00000000000000     0.00000000000000     0.00000000000000      -8.83062373E-05  6.64410174E-05  1.39915403E-04
    0.00000000000000     0.00000000000000     0.00000000000000      -2.31418165E-14  1.24988473E-06 -9.34971274E-05
    0.00000000000000     0.00000000000000     0.00000000000000      -2.96404005E-05  1.92005845E-05  7.79424437E-05
    0.00000000000000     0.00000000000000     0.00000000000000       4.74504474E-14  7.90065473E-06 -3.76201253E-05
    0.00000000000000     0.00000000000000     0.00000000000000      -8.94922511E-05  6.55878765E-05 -2.49805923E-04
    0.00000000000000     0.00000000000000     0.00000000000000       4.67503588E-14 -6.37642775E-05  9.08030642E-05
    0.00000000000000     0.00000000000000     0.00000000000000      -9.40309517E-04 -5.41436038E-04 -3.33587742E-04
    0.00000000000000     0.00000000000000     0.00000000000000      -6.29063002E-04 -8.14940698E-04 -8.37697603E-05
   -0.00000000000000     0.00000000000000     0.00000000000000       7.69319548E-14 -9.29604948E-05  3.62910292E-06
    0.00000000000000     0.00000000000000     0.00000000000000       5.48774333E-05  9.95299479E-05  4.87020345E-05
   -0.00000000000000     0.00000000000000     0.00000000000000       3.82715084E-14 -6.64636802E-05 -1.10886929E-06
    0.00000000000000     0.00000000000000     0.00000000000000      -1.12205761E-05 -1.51687563E-05  1.83868268E-05
   -0.00000000000000     0.00000000000000     0.00000000000000       7.57651405E-14 -9.28708850E-05 -2.15201478E-06
    0.00000000000000     0.00000000000000     0.00000000000000       1.33659598E-04  1.69021791E-04 -4.56842796E-05
   -0.00000000000000     0.00000000000000     0.00000000000000       2.41141618E-15 -5.93707560E-05  9.70867290E-07
# Filename: xfset/XFSET.zno_mlff04, Snapshot: 1
    0.00000000000000     0.00000000000000     0.01889726124993      -2.58122655E-12 -6.19345019E-13 -4.74900041E-03
    0.00000000000000     0.00000000000000     0.00000000000000       4.36991897E-04 -2.52297389E-04  2.94739451E-04
    0.00000000000000     0.00000000000000     0.00000000000000      -4.00606236E-15 -1.55964175E-14  2.54022934E-03
    0.00000000000000     0.00000000000000     0.00000000000000      -2.23090721E-05  1.28801489E-05 -2.09427214E-04
    0.00000000000000     0.00000000000000     0.00000000000000       6.68973520E-15 -3.06094279E-14  4.72954612E-04
    0.00000000000000     0.00000000000000     0.00000000000000      -2.40779201E-04  1.39013936E-04  2.97998068E-04
    0.00000000000000     0.00000000000000     0.00000000000000       5.16120850E-14  6.88809363E-14 -1.77141327E-04
    0.00000000000000     0.00000000000000     0.00000000000000      -7.19359796E-04  4.15322572E-04  4.62838216E-04
    0.00000000000000     0.00000000000000     0.00000000000000       1.45163137E-04  8.38099763E-05 -3.14287169E-04
    0.00000000000000     0.00000000000000     0.00000000000000       1.87584842E-13  5.04594778E-04  2.94739451E-04
    0.00000000000000     0.00000000000000     0.00000000000000       3.44890700E-05  1.99122738E-05  1.28099592E-04
    0.00000000000000     0.00000000000000     0.00000000000000      -6.74418653E-14 -2.57602976E-05 -2.09427214E-04
    0.00000000000000     0.00000000000000     0.00000000000000      -3.23466720E-05 -1.86753598E-05  9.53382526E-05
    0.00000000000000     0.00000000000000     0.00000000000000      -8.01990348E-14 -2.78027873E-04  2.97998068E-04
    0.00000000000000     0.00000000000000     0.00000000000000      -4.56726476E-05 -2.63691153E-05 -1.75689644E-04
    0.00000000000000     0.00000000000000     0.00000000000000      -2.60977460E-13 -8.30645145E-04  4.62838216E-04
    0.00000000000000     0.00000000000000     0.00000000000000      -4.08384998E-15 -1.67619953E-04 -3.14287169E-04
    0.00000000000000     0.00000000000000     0.00000000000000      -4.36991897E-04 -2.52297389E-04  2.94739451E-04
    0.00000000000000     0.00000000000000     0.00000000000000      -1.24460190E-14 -3.98245477E-05  1.28099592E-04
    0.00000000000000     0.00000000000000     0.00000000000000       2.23090720E-05  1.28801489E-05 -2.09427214E-04
    0.00000000000000     0.00000000000000     0.00000000000000       5.04452707E-14  3.73507195E-05  9.53382525E-05
    0.00000000000000     0.00000000000000     0.00000000000000       2.40779201E-04  1.39013936E-04  2.97998068E-04
    0.00000000000000     0.00000000000000     0.00000000000000      -1.02951913E-13  5.27382307E-05 -1.75689644E-04
    0.00000000000000     0.00000000000000     0.00000000000000       7.19359799E-04  4.15322574E-04  4.62838217E-04
    0.00000000000000     0.00000000000000     0.00000000000000      -1.45163137E-04  8.38099763E-05 -3.14287169E-04
   -0.00000000000000     0.00000000000000     0.00000000000000      -2.23250465E-14  2.86375118E-13  9.65242077E-05
    0.00000000000000     0.00000000000000     0.00000000000000      -3.44890701E-05  1.99122738E-05  1.28099592E-04
   -0.00000000000000     0.00000000000000     0.00000000000000       4.79949607E-14 -4.31332345E-14 -4.44600347E-05
    0.00000000000000     0.00000000000000     0.00000000000000       3.23466720E-05 -1.86753598E-05  9.53382523E-05
   -0.00000000000000     0.00000000000000     0.00000000000000       6.04798735E-14 -2.76612772E-13  8.98571267E-05
    0.00000000000000     0.00000000000000     0.00000000000000       4.56726477E-05 -2.63691154E-05 -1.75689644E-04
   -0.00000000000000     0.00000000000000     0.00000000000000       4.92395626E-14  7.63874415E-14  3.22078288E-05
# Filename: xfset/XFSET.zno_mlff05, Snapshot: 1
    0.00000000000000     0.00000000000000    -0.01889726124994       2.56582460E-12  6.30040817E-13  4.56459714E-03
    0.00000000000000     0.00000000000000     0.00000000000000      -4.31113464E-04  2.48903474E-04 -2.96479813E-04
    0.00000000000000     0.00000000000000     0.00000000000000       1.95246923E-14  3.53933665E-15 -2.34006267E-03
    0.00000000000000     0.00000000000000     0.00000000000000       1.89160067E-05 -1.09211617E-05  1.98465858E-04
    0.00000000000000     0.00000000000000     0.00000000000000      -6.18411568E-15  2.93648260E-14 -4.78399583E-04
    0.00000000000000     0.00000000000000     0.00000000000000       2.45906266E-04 -1.41974049E-04 -2.93301000E-04
    0.00000000000000     0.00000000000000     0.00000000000000      -5.50347402E-14 -6.27746082E-14  1.72089795E-04
    0.00000000000000     0.00000000000000     0.00000000000000       7.23240625E-04 -4.17563169E-04 -4.61230284E-04
    0.00000000000000     0.00000000000000     0.00000000000000      -1.42898239E-04 -8.25023366E-05  3.10666651E-04
    0.00000000000000     0.00000000000000     0.00000000000000      -1.90346303E-13 -4.97806949E-04 -2.96479814E-04
    0.00000000000000     0.00000000000000     0.00000000000000      -3.15864856E-05 -1.82364659E-05 -1.22235236E-04
    0.00000000000000     0.00000000000000     0.00000000000000       7.11756710E-14  2.18423231E-05  1.98465858E-04
    0.00000000000000     0.00000000000000     0.00000000000000       3.17318547E-05  1.83203949E-05 -9.60136006E-05
    0.00000000000000     0.00000000000000     0.00000000000000       8.16381057E-14  2.83948098E-04 -2.93301000E-04
    0.00000000000000     0.00000000000000     0.00000000000000       4.65133443E-05  2.68544917E-05  1.76728670E-04
    0.00000000000000     0.00000000000000     0.00000000000000       2.65216886E-13  8.35126340E-04 -4.61230284E-04
    0.00000000000000     0.00000000000000     0.00000000000000       1.00346028E-14  1.65004673E-04  3.10666651E-04
    0.00000000000000     0.00000000000000     0.00000000000000       4.31113464E-04  2.48903475E-04 -2.96479814E-04
    0.00000000000000     0.00000000000000     0.00000000000000       1.61798247E-14  3.64729319E-05 -1.22235235E-04
    0.00000000000000     0.00000000000000     0.00000000000000      -1.89160066E-05 -1.09211617E-05  1.98465858E-04
    0.00000000000000     0.00000000000000     0.00000000000000      -5.01341202E-14 -3.66407897E-05 -9.60136006E-05
    0.00000000000000     0.00000000000000     0.00000000000000      -2.45906266E-04 -1.41974049E-04 -2.93301001E-04
    0.00000000000000     0.00000000000000     0.00000000000000       1.02251825E-13 -5.37089836E-05  1.76728670E-04
    0.00000000000000     0.00000000000000     0.00000000000000      -7.23240627E-04 -4.17563171E-04 -4.61230285E-04
    0.00000000000000     0.00000000000000     0.00000000000000       1.42898239E-04 -8.25023366E-05  3.10666651E-04
   -0.00000000000000     0.00000000000000     0.00000000000000       2.90536756E-14 -2.87736401E-13 -8.50138772E-05
    0.00000000000000     0.00000000000000     0.00000000000000       3.15864857E-05 -1.82364659E-05 -1.22235236E-04
   -0.00000000000000     0.00000000000000     0.00000000000000      -4.65558897E-14  4.69837216E-14  4.68574675E-05
    0.00000000000000     0.00000000000000     0.00000000000000      -3.17318547E-05  1.83203949E-05 -9.60136004E-05
   -0.00000000000000     0.00000000000000     0.00000000000000      -5.44513330E-14  2.74162462E-13 -9.19676080E-05
    0.00000000000000     0.00000000000000     0.00000000000000      -4.65133444E-05  2.68544919E-05  1.76728670E-04
   -0.00000000000000     0.00000000000000     0.00000000000000      -4.98229697E-14 -7.57262467E-14 -3.79043976E-05
# Filename: xfset/XFSET.zno_mlff06, Snapshot: 1
    0.00000000000000     0.00000000000000     0.00000000000000       2.71883974E-04 -2.93123691E-07  5.71598255E-06
    0.00000000000000     0.00000000000000     0.00000000000000       1.65475029E-03 -9.60141905E-04  7.43925354E-04
    0.01889726124994     0.00000000000000     0.00000000000000      -5.17326218E-03  8.03219026E-05 -4.74036892E-05
    0.00000000000000     0.00000000000000     0.00000000000000       1.47733398E-04 -1.06547781E-04  2.58978600E-04
    0.00000000000000     0.00000000000000     0.00000000000000       1.24649083E-04  2.57715433E-07 -3.12472068E-07
    0.00000000000000     0.00000000000000     0.00000000000000       1.58216231E-05 -2.97838112E-05  1.91113741E-05
    0.00000000000000     0.00000000000000     0.00000000000000      -1.39924593E-04 -1.24243189E-07 -4.09991834E-07
    0.00000000000000     0.00000000000000     0.00000000000000       1.48891909E-04 -1.07141749E-04 -2.76564445E-04
    0.00000000000000     0.00000000000000     0.00000000000000      -3.47080204E-05  5.53330909E-05  3.14578199E-05
    0.00000000000000     0.00000000000000     0.00000000000000       1.78640901E-06 -5.59860714E-06 -3.93602567E-06
    0.00000000000000     0.00000000000000     0.00000000000000       2.36379926E-04 -5.54288085E-04  1.46624347E-04
    0.00000000000000     0.00000000000000     0.00000000000000      -3.56733282E-05 -2.75029280E-06 -2.63224611E-07
    0.00000000000000     0.00000000000000     0.00000000000000      -1.46051658E-05  1.34339447E-04 -4.56948958E-05
    0.00000000000000     0.00000000000000     0.00000000000000      -3.64247431E-05 -4.13260439E-08 -9.26004431E-07
    0.00000000000000     0.00000000000000     0.00000000000000      -5.71857669E-05 -8.09460502E-05 -2.55791732E-05
    0.00000000000000     0.00000000000000     0.00000000000000      -3.56498301E-05 -1.51969644E-06  1.50102890E-06
    0.00000000000000     0.00000000000000     0.00000000000000      -1.31694131E-04  4.69616786E-07  1.26056820E-06
    0.00000000000000     0.00000000000000     0.00000000000000       1.55473392E-03  8.91229625E-04 -6.99358682E-04
    0.00000000000000     0.00000000000000     0.00000000000000       1.19409523E-03  1.94454244E-06 -6.17284693E-07
    0.00000000000000     0.00000000000000     0.00000000000000       1.52530121E-04  1.08012061E-04 -2.52100918E-04
    0.00000000000000     0.00000000000000     0.00000000000000      -2.47722920E-04  8.39099535E-07  8.52139302E-07
    0.00000000000000     0.00000000000000     0.00000000000000       1.52271077E-05  3.02165599E-05 -2.21966151E-05
    0.00000000000000     0.00000000000000     0.00000000000000       8.33252018E-05  6.13749770E-07  1.37487322E-07
    0.00000000000000     0.00000000000000     0.00000000000000       1.51368649E-04  1.07393259E-04  2.73265807E-04
    0.00000000000000     0.00000000000000     0.00000000000000      -3.46316568E-05 -5.67151758E-05 -3.45699979E-05
   -0.00000000000000     0.00000000000000     0.00000000000000       6.19212608E-05 -4.31146262E-07 -3.46186791E-07
    0.00000000000000     0.00000000000000     0.00000000000000       2.36432514E-04  5.51597064E-04 -1.48116772E-04
   -0.00000000000000     0.00000000000000     0.00000000000000      -5.35390537E-05 -7.62662603E-07  1.65642167E-06
    0.00000000000000     0.00000000000000     0.00000000000000      -1.33893085E-05 -1.35549708E-04  4.64131706E-05
   -0.00000000000000     0.00000000000000     0.00000000000000       6.63470674E-05 -4.39877037E-08  1.11353154E-06
    0.00000000000000     0.00000000000000     0.00000000000000      -5.59038172E-05  8.05541279E-05  2.73577515E-05
   -0.00000000000000     0.00000000000000     0.00000000000000      -5.35631754E-05 -4.42509723E-07 -9.75005590E-07
# Filename: xfset/XFSET.zno_mlff07, Snapshot: 1
    0.00000000000000     0.00000000000000     0.00000000000000      -5.28955807E-15  2.72177205E-04  5.72775573E-06
    0.00000000000000     0.00000000000000     0.00000000000000      -9.08658546E-04  5.31855987E-04 -4.11674382E-04
    0.00000000000000     0.01889726124994     0.00000000000000      -4.98144131E-12 -5.25358569E-03 -4.78794000E-05
    0.00000000000000     0.00000000000000     0.00000000000000      -1.09293550E-04  2.80765903E-05 -1.46563462E-04
    0.00000000000000     0.00000000000000     0.00000000000000       3.39931893E-14  1.24391441E-04 -3.25040918E-07
    0.00000000000000     0.00000000000000     0.00000000000000      -3.01385126E-05 -1.94164526E-05 -1.30666255E-05
    0.00000000000000     0.00000000000000     0.00000000000000      -5.79517759E-15 -1.39800395E-04 -4.13968925E-07
    0.00000000000000     0.00000000000000     0.00000000000000      -1.08218652E-04  2.74152705E-05  1.59177066E-04
    0.00000000000000     0.00000000000000     0.00000000000000       5.53341273E-05 -9.90822744E-05  1.93887644E-05
    0.00000000000000     0.00000000000000     0.00000000000000       3.28808264E-13  2.22207191E-03  8.64468563E-04
    0.00000000000000     0.00000000000000     0.00000000000000      -5.54845349E-04  8.75097007E-04  8.44123366E-05
    0.00000000000000     0.00000000000000     0.00000000000000       9.94514704E-14  2.09722613E-04  2.99746163E-04
    0.00000000000000     0.00000000000000     0.00000000000000       1.34109010E-04 -1.70042561E-04 -2.58997857E-05
    0.00000000000000     0.00000000000000     0.00000000000000      -1.44684971E-14  3.30655743E-05  2.20907437E-05
    0.00000000000000     0.00000000000000     0.00000000000000      -8.12235198E-05  3.62544650E-05 -1.48857236E-05
    0.00000000000000     0.00000000000000     0.00000000000000       1.63742937E-13  2.11048221E-04 -3.20140267E-04
    0.00000000000000     0.00000000000000     0.00000000000000       4.55835445E-14 -1.95717808E-06 -4.06094588E-05
    0.00000000000000     0.00000000000000     0.00000000000000       9.08658550E-04  5.31855989E-04 -4.11674384E-04
    0.00000000000000     0.00000000000000     0.00000000000000       1.30294261E-14 -8.25403062E-05 -1.70970105E-04
    0.00000000000000     0.00000000000000     0.00000000000000       1.09293550E-04  2.80765903E-05 -1.46563463E-04
    0.00000000000000     0.00000000000000     0.00000000000000      -3.37209327E-14  6.47390203E-05  5.33745198E-05
    0.00000000000000     0.00000000000000     0.00000000000000       3.01385126E-05 -1.94164526E-05 -1.30666255E-05
    0.00000000000000     0.00000000000000     0.00000000000000      -6.61972634E-14 -1.02495056E-04  3.17110095E-05
    0.00000000000000     0.00000000000000     0.00000000000000       1.08218652E-04  2.74152705E-05  1.59177066E-04
    0.00000000000000     0.00000000000000     0.00000000000000      -5.53341273E-05 -9.90822744E-05  1.93887644E-05
   -0.00000000000000     0.00000000000000     0.00000000000000      -1.47796475E-15  6.23521413E-05 -3.51636445E-07
    0.00000000000000     0.00000000000000     0.00000000000000       5.54845350E-04  8.75097007E-04  8.44123367E-05
   -0.00000000000000     0.00000000000000     0.00000000000000       2.62922151E-14 -5.27760988E-05  1.68607467E-06
    0.00000000000000     0.00000000000000     0.00000000000000      -1.34109010E-04 -1.70042561E-04 -2.58997859E-05
   -0.00000000000000     0.00000000000000     0.00000000000000      -3.58600922E-14  6.63911208E-05  1.10795051E-06
    0.00000000000000     0.00000000000000     0.00000000000000       8.12235199E-05  3.62544650E-05 -1.48857236E-05
   -0.00000000000000     0.00000000000000     0.00000000000000       2.70700913E-14 -5.31205805E-05 -9.99276793E-07
# Filename: xfset/XFSET.zno_mlff08, Snapshot: 1
    0.00000000000000     0.00000000000000     0.00000000000000       4.08384998E-15 -2.71590735E-04  5.70420951E-06
    0.00000000000000     0.00000000000000     0.00000000000000       9.41975165E-04 -5.39928026E-04  4.21279965E-04
    0.00000000000000    -0.01889726124994     0.00000000000000       5.03597043E-12  5.09293889E-03 -4.69279849E-05
    0.00000000000000     0.00000000000000     0.00000000000000       1.05272215E-04 -2.44502304E-05  1.48505248E-04
    0.00000000000000     0.00000000000000     0.00000000000000      -3.44599150E-14 -1.24906728E-04 -2.99903262E-07
    0.00000000000000     0.00000000000000     0.00000000000000       2.98409784E-05  1.88123488E-05  1.08033948E-05
    0.00000000000000     0.00000000000000     0.00000000000000       8.05101853E-15  1.40048791E-04 -4.06014842E-07
    0.00000000000000     0.00000000000000     0.00000000000000       1.06318794E-04 -2.51398834E-05 -1.58275228E-04
    0.00000000000000     0.00000000000000     0.00000000000000      -5.66742214E-05  9.96461723E-05 -1.87455362E-05
    0.00000000000000     0.00000000000000     0.00000000000000      -3.01310341E-13 -2.05690151E-03 -8.02418431E-04
    0.00000000000000     0.00000000000000     0.00000000000000       5.51046618E-04 -8.74630186E-04 -8.57327133E-05
    0.00000000000000     0.00000000000000     0.00000000000000      -9.83624437E-14 -2.14404130E-04 -2.90400819E-04
    0.00000000000000     0.00000000000000     0.00000000000000      -1.35776709E-04  1.69588139E-04  2.72758068E-05
    0.00000000000000     0.00000000000000     0.00000000000000       1.50519042E-14 -3.26400037E-05 -2.55867736E-05
    0.00000000000000     0.00000000000000     0.00000000000000       8.02885325E-05 -3.71424203E-05  1.56617591E-05
    0.00000000000000     0.00000000000000     0.00000000000000      -1.62070503E-13 -2.13062927E-04  3.14741373E-04
    0.00000000000000     0.00000000000000     0.00000000000000      -4.54668631E-14  2.65354870E-06  3.56197827E-05
    0.00000000000000     0.00000000000000     0.00000000000000      -9.41975170E-04 -5.39928029E-04  4.21279967E-04
    0.00000000000000     0.00000000000000     0.00000000000000      -1.30683199E-14  8.30987225E-05  1.69391439E-04
    0.00000000000000     0.00000000000000     0.00000000000000      -1.05272215E-04 -2.44502304E-05  1.48505248E-04
    0.00000000000000     0.00000000000000     0.00000000000000       3.41098708E-14 -6.30875934E-05 -5.29857330E-05
    0.00000000000000     0.00000000000000     0.00000000000000      -2.98409785E-05  1.88123488E-05  1.08033949E-05
    0.00000000000000     0.00000000000000     0.00000000000000       6.60805820E-14  1.03827480E-04 -2.94309489E-05
    0.00000000000000     0.00000000000000     0.00000000000000      -1.06318794E-04 -2.51398834E-05 -1.58275228E-04
    0.00000000000000     0.00000000000000     0.00000000000000       5.66742214E-05  9.96461723E-05 -1.87455363E-05
   -0.00000000000000     0.00000000000000     0.00000000000000       5.79517759E-15 -6.14903923E-05 -3.40737011E-07
    0.00000000000000     0.00000000000000     0.00000000000000      -5.51046618E-04 -8.74630186E-04 -8.57327134E-05
   -0.00000000000000     0.00000000000000     0.00000000000000      -3.06872155E-14  5.43020072E-05  1.62676885E-06
    0.00000000000000     0.00000000000000     0.00000000000000       1.35776709E-04  1.69588139E-04  2.72758069E-05
   -0.00000000000000     0.00000000000000     0.00000000000000       3.78436765E-14 -6.63030130E-05  1.11911257E-06
    0.00000000000000     0.00000000000000     0.00000000000000      -8.02885325E-05 -3.71424203E-05  1.56617591E-05
   -0.00000000000000     0.00000000000000     0.00000000000000      -2.98704456E-14  5.40057700E-05 -9.50734404E-07
# Filename: xfset/XFSET.zno_mlff09, Snapshot: 1
    0.00000000000000     0.00000000000000     0.00000000000000      -8.89112481E-14 -3.76881012E-14  2.33629627E-03
    0.00000000000000     0.00000000000000     0.00000000000000       5.77587548E-04 -3.33470327E-04  4.60927266E-04
    0.00000000000000     0.00000000000000     0.01889726124994       2.63591124E-12  7.33692819E-13 -4.97872504E-03
    0.00000000000000     0.00000000000000     0.00000000000000       2.75280137E-04 -1.58933061E-04  3.48268319E-04
    0.00000000000000     0.00000000000000     0.00000000000000       4.39500045E-14 -1.95246923E-14 -1.74726526E-04
    0.00000000000000     0.00000000000000     0.00000000000000      -1.40617541E-04  8.11855751E-05 -2.01842437E-04
    0.00000000000000     0.00000000000000     0.00000000000000       5.69794306E-14 -6.01298292E-14  5.05800800E-04
    0.00000000000000     0.00000000000000     0.00000000000000      -2.52693041E-04  1.45892395E-04  3.46672763E-04
    0.00000000000000     0.00000000000000     0.00000000000000      -8.35972821E-05 -4.82649133E-05  1.23423807E-04
    0.00000000000000     0.00000000000000     0.00000000000000       2.17960907E-13  6.66940655E-04  4.60927266E-04
    0.00000000000000     0.00000000000000     0.00000000000000       1.48375872E-04  8.56648498E-05 -6.24786880E-05
    0.00000000000000     0.00000000000000     0.00000000000000       5.88074397E-14  3.17866122E-04  3.48268319E-04
    0.00000000000000     0.00000000000000     0.00000000000000       8.01247086E-05  4.62600221E-05 -1.77204969E-04
    0.00000000000000     0.00000000000000     0.00000000000000      -4.10329688E-14 -1.62371150E-04 -2.01842438E-04
    0.00000000000000     0.00000000000000     0.00000000000000      -2.68164595E-05 -1.54824901E-05 -1.16345308E-04
    0.00000000000000     0.00000000000000     0.00000000000000      -5.22343859E-14 -2.91784791E-04  3.46672763E-04
    0.00000000000000     0.00000000000000     0.00000000000000      -4.39111107E-14  9.65298265E-05  1.23423807E-04
    0.00000000000000     0.00000000000000     0.00000000000000      -5.77587551E-04 -3.33470329E-04  4.60927267E-04
    0.00000000000000     0.00000000000000     0.00000000000000       1.06646825E-13 -1.71329700E-04 -6.24786883E-05
    0.00000000000000     0.00000000000000     0.00000000000000      -2.75280137E-04 -1.58933061E-04  3.48268319E-04
    0.00000000000000     0.00000000000000     0.00000000000000      -1.50130104E-14 -9.25200440E-05 -1.77204969E-04
    0.00000000000000     0.00000000000000     0.00000000000000       1.40617541E-04  8.11855751E-05 -2.01842438E-04
    0.00000000000000     0.00000000000000     0.00000000000000      -3.97494731E-14  3.09649802E-05 -1.16345308E-04
    0.00000000000000     0.00000000000000     0.00000000000000       2.52693041E-04  1.45892396E-04  3.46672763E-04
    0.00000000000000     0.00000000000000     0.00000000000000       8.35972819E-05 -4.82649133E-05  1.23423807E-04
   -0.00000000000000     0.00000000000000     0.00000000000000      -6.19189444E-14 -1.91357542E-14  4.01017321E-05
    0.00000000000000     0.00000000000000     0.00000000000000      -1.48375872E-04  8.56648499E-05 -6.24786880E-05
   -0.00000000000000     0.00000000000000     0.00000000000000      -6.21134135E-14 -1.34183642E-13  8.07212172E-05
    0.00000000000000     0.00000000000000     0.00000000000000      -8.01247084E-05  4.62600220E-05 -1.77204969E-04
   -0.00000000000000     0.00000000000000     0.00000000000000       9.38118681E-14  9.24116909E-14 -4.91970761E-05
    0.00000000000000     0.00000000000000     0.00000000000000       2.68164594E-05 -1.54824901E-05 -1.16345308E-04
   -0.00000000000000     0.00000000000000     0.00000000000000       1.19831826E-13  6.33969092E-15  7.54663607E-05
# Filename: xfset/XFSET.zno_mlff10, Snapshot: 1
    0.00000000000000     0.00000000000000     0.00000000000000       9.09337262E-14  4.23164645E-14 -2.54368223E-03
    0.00000000000000     0.00000000000000     0.00000000000000      -5.66805145E-04  3.27245103E-04 -4.63252988E-04
    0.00000000000000     0.00000000000000    -0.01889726124994      -2.65018527E-12 -7.43805209E-13  5.19776556E-03
    0.00000000000000     0.00000000000000     0.00000000000000      -2.74482664E-04  1.58472640E-04 -3.47264490E-04
    0.00000000000000     0.00000000000000     0.00000000000000      -4.29387655E-14  1.84745594E-14  1.74572582E-04
    0.00000000000000     0.00000000000000     0.00000000000000       1.36698318E-04 -7.89228108E-05  2.05982463E-04
    0.00000000000000     0.00000000000000     0.00000000000000      -5.66293864E-14  6.28135020E-14 -5.05312428E-04
    0.00000000000000     0.00000000000000     0.00000000000000       2.58399924E-04 -1.49187266E-04 -3.48852316E-04
    0.00000000000000     0.00000000000000     0.00000000000000       8.57583492E-05  4.95126060E-05 -1.26847264E-04
    0.00000000000000     0.00000000000000     0.00000000000000      -2.16249580E-13 -6.54490208E-04 -4.63252988E-04
    0.00000000000000     0.00000000000000     0.00000000000000      -1.46254041E-04 -8.44398099E-05  5.94589810E-05
    0.00000000000000     0.00000000000000     0.00000000000000      -5.97408911E-14 -3.16945280E-04 -3.47264490E-04
    0.00000000000000     0.00000000000000     0.00000000000000      -7.92511281E-05 -4.57556601E-05  1.75258397E-04
    0.00000000000000     0.00000000000000     0.00000000000000       4.18108450E-14  1.57845622E-04  2.05982463E-04
    0.00000000000000     0.00000000000000     0.00000000000000       2.60532095E-05  1.50418275E-05  1.17023847E-04
    0.00000000000000     0.00000000000000     0.00000000000000       5.41012888E-14  2.98374531E-04 -3.48852316E-04
    0.00000000000000     0.00000000000000     0.00000000000000       4.36777479E-14 -9.90252119E-05 -1.26847264E-04
    0.00000000000000     0.00000000000000     0.00000000000000       5.66805148E-04  3.27245105E-04 -4.63252988E-04
    0.00000000000000     0.00000000000000     0.00000000000000      -1.04546559E-13  1.68879620E-04  5.94589812E-05
    0.00000000000000     0.00000000000000     0.00000000000000       2.74482664E-04  1.58472640E-04 -3.47264490E-04
    0.00000000000000     0.00000000000000     0.00000000000000       1.67243380E-14  9.15113201E-05  1.75258397E-04
    0.00000000000000     0.00000000000000     0.00000000000000      -1.36698318E-04 -7.89228108E-05  2.05982463E-04
    0.00000000000000     0.00000000000000     0.00000000000000       4.34832788E-14 -3.00836550E-05  1.17023847E-04
    0.00000000000000     0.00000000000000     0.00000000000000      -2.58399924E-04 -1.49187266E-04 -3.48852316E-04
    0.00000000000000     0.00000000000000     0.00000000000000      -8.57583490E-05  4.95126060E-05 -1.26847264E-04
   -0.00000000000000     0.00000000000000     0.00000000000000       6.63528387E-14  1.67632318E-14 -3.00636596E-05
    0.00000000000000     0.00000000000000     0.00000000000000       1.46254041E-04 -8.44398101E-05  5.94589809E-05
   -0.00000000000000     0.00000000000000     0.00000000000000       6.32413339E-14  1.38578643E-13 -7.23462877E-05
    0.00000000000000     0.00000000000000     0.00000000000000       7.92511279E-05 -4.57556600E-05  1.75258397E-04
   -0.00000000000000     0.00000000000000     0.00000000000000      -9.18671776E-14 -9.39674433E-14  4.23486091E-05
    0.00000000000000     0.00000000000000     0.00000000000000      -2.60532094E-05  1.50418275E-05  1.17023847E-04
   -0.00000000000000     0.00000000000000     0.00000000000000      -1.18431649E-13 -5.91185902E-15 -7.78020387E-05

