# Filename: xfset/XFSET.zno_mlff01, Snapshot: 1
    0.01889726124994     0.00000000000000     0.00000000000000      -4.40324967E-03  7.11291210E-05  4.73137012E-05
    0.00000000000000     0.00000000000000     0.00000000000000       4.78052545E-05 -1.93112066E-05  1.36467095E-04
    0.00000000000000     0.00000000000000     0.00000000000000       2.49679570E-04  1.28475026E-06 -1.00534482E-05
    0.00000000000000     0.00000000000000     0.00000000000000       1.14959289E-05 -1.74496778E-05  4.12998910E-05
    0.00000000000000     0.00000000000000     0.00000000000000      -1.89319468E-05 -2.44429349E-07 -1.13384887E-06
    0.00000000000000     0.00000000000000     0.00000000000000       4.86562257E-05 -1.95756217E-05 -3.94987107E-04
    0.00000000000000     0.00000000000000     0.00000000000000       7.05639808E-05  8.91074444E-08 -1.82931826E-07
    0.00000000000000     0.00000000000000     0.00000000000000       1.63192415E-03 -9.22177316E-04 -6.07700777E-04
    0.00000000000000     0.00000000000000     0.00000000000000       8.62944059E-05 -5.58790220E-04  8.54947074E-05
    0.00000000000000     0.00000000000000     0.00000000000000       1.61435143E-05 -1.30542291E-06 -1.41078328E-06
    0.00000000000000     0.00000000000000     0.00000000000000      -4.51737062E-05  7.94093058E-05  2.84215304E-05
    0.00000000000000     0.00000000000000     0.00000000000000      -1.86811035E-05  2.39493918E-07 -1.05884444E-07
    0.00000000000000     0.00000000000000     0.00000000000000      -1.98364761E-05 -1.15239011E-05  2.47285423E-05
    0.00000000000000     0.00000000000000     0.00000000000000       1.61054094E-05 -7.33719686E-07  2.11772533E-06
    0.00000000000000     0.00000000000000     0.00000000000000      -2.06018578E-05  9.10183330E-05  9.32464492E-05
    0.00000000000000     0.00000000000000     0.00000000000000       4.13898650E-05 -1.01149037E-05  4.20759147E-06
    0.00000000000000     0.00000000000000     0.00000000000000       1.05378673E-03 -1.63640680E-06 -1.92434774E-06
    0.00000000000000     0.00000000000000     0.00000000000000       5.05972236E-05  1.88824586E-05 -1.33901718E-04
    0.00000000000000     0.00000000000000     0.00000000000000      -1.84005481E-04  1.70643695E-06 -1.00187489E-06
    0.00000000000000     0.00000000000000     0.00000000000000       1.08397102E-05  1.70312892E-05 -4.11306168E-05
    0.00000000000000     0.00000000000000     0.00000000000000       5.36934474E-07 -2.57084485E-07 -7.09317015E-07
    0.00000000000000     0.00000000000000     0.00000000000000       4.97474511E-05  1.86640363E-05  3.94377823E-04
    0.00000000000000     0.00000000000000     0.00000000000000      -1.78319302E-04  8.62265471E-07 -1.97676023E-06
    0.00000000000000     0.00000000000000     0.00000000000000       1.53821623E-03  8.60736663E-04  5.65591238E-04
    0.00000000000000     0.00000000000000     0.00000000000000       8.31813812E-05  5.60153774E-04 -8.71127948E-05
   -0.00000000000000     0.00000000000000     0.00000000000000      -1.44502999E-05  3.04150594E-06  1.52027979E-06
    0.00000000000000     0.00000000000000     0.00000000000000      -4.35578624E-05 -8.18606476E-05 -2.35469613E-05
   -0.00000000000000     0.00000000000000     0.00000000000000       5.02226869E-05  4.19429678E-07  7.43566850E-07
    0.00000000000000     0.00000000000000     0.00000000000000      -1.98698252E-05  1.20136630E-05 -2.52239795E-05
   -0.00000000000000     0.00000000000000     0.00000000000000      -1.44223747E-05  2.44907477E-06 -6.44004038E-07
    0.00000000000000     0.00000000000000     0.00000000000000      -1.92468976E-05 -9.18863059E-05 -9.35552704E-05
   -0.00000000000000     0.00000000000000     0.00000000000000      -5.68398472E-05 -2.26384466E-06  7.72284120E-07
# Filename: xfset/XFSET.zno_mlff02, Snapshot: 1
    0.00000000000000     0.01889726124994     0.00000000000000      -4.54003547E-12 -4.47438453E-03  4.77289951E-05
    0.00000000000000     0.00000000000000     0.00000000000000      -1.97246421E-05  2.85453608E-05 -7.85705697E-05
    0.00000000000000     0.00000000000000     0.00000000000000      -1.78133647E-14  2.48395186E-04 -1.00722873E-05
    0.00000000000000     0.00000000000000     0.00000000000000      -1.69750231E-05 -8.86486743E-06 -2.38418149E-05
    0.00000000000000     0.00000000000000     0.00000000000000       5.31678373E-14 -1.86875418E-05 -1.13383057E-06
    0.00000000000000     0.00000000000000     0.00000000000000      -1.92862715E-05  2.80041263E-05  2.29190441E-04
    0.00000000000000     0.00000000000000     0.00000000000000       3.53544727E-14  7.04746909E-05 -1.87879365E-07
    0.00000000000000     0.00000000000000     0.00000000000000      -8.79205011E-04  5.52543131E-04  3.34339777E-04
    0.00000000000000     0.00000000000000     0.00000000000000      -5.58148864E-04  7.31751274E-04  4.82793418E-05
    0.00000000000000     0.00000000000000     0.00000000000000       6.81808477E-14  5.91890149E-05  1.58269412E-04
    0.00000000000000     0.00000000000000     0.00000000000000       7.89247308E-05 -1.37686830E-04  1.51525329E-05
    0.00000000000000     0.00000000000000     0.00000000000000       2.21694713E-14  2.15634672E-05  4.77354887E-05
    0.00000000000000     0.00000000000000     0.00000000000000      -1.14768474E-05 -6.32631281E-06  1.38671855E-05
    0.00000000000000     0.00000000000000     0.00000000000000       6.82975291E-14  6.01455539E-05 -4.56841878E-04
    0.00000000000000     0.00000000000000     0.00000000000000       9.07059399E-05 -1.25909135E-04  5.25581109E-05
    0.00000000000000     0.00000000000000     0.00000000000000       3.49421983E-13  2.17800252E-03 -7.07026968E-04
    0.00000000000000     0.00000000000000     0.00000000000000       1.07580277E-13 -2.39967403E-04 -1.00087456E-04
    0.00000000000000     0.00000000000000     0.00000000000000       1.97246422E-05  2.85453607E-05 -7.85705697E-05
    0.00000000000000     0.00000000000000     0.00000000000000       1.01046117E-13  3.38135876E-06 -2.64139708E-05
    0.00000000000000     0.00000000000000     0.00000000000000       1.69750231E-05 -8.86486743E-06 -2.38418149E-05
    0.00000000000000     0.00000000000000     0.00000000000000      -4.43389426E-15 -2.67492113E-05 -2.89314116E-05
    0.00000000000000     0.00000000000000     0.00000000000000       1.92862715E-05  2.80041262E-05  2.29190441E-04
    0.00000000000000     0.00000000000000     0.00000000000000      -9.91792137E-15  3.36562066E-05 -1.07394446E-04
    0.00000000000000     0.00000000000000     0.00000000000000       8.79205015E-04  5.52543133E-04  3.34339779E-04
    0.00000000000000     0.00000000000000     0.00000000000000       5.58148863E-04  7.31751274E-04  4.82793418E-05
   -0.00000000000000     0.00000000000000     0.00000000000000      -1.78678160E-13 -1.74904952E-05  1.54539054E-06
    0.00000000000000     0.00000000000000     0.00000000000000      -7.89247309E-05 -1.37686830E-04  1.51525329E-05
   -0.00000000000000     0.00000000000000     0.00000000000000      -3.48099593E-14  4.98032761E-05  7.51466933E-07
    0.00000000000000     0.00000000000000     0.00000000000000       1.14768474E-05 -6.32631287E-06  1.38671855E-05
   -0.00000000000000     0.00000000000000     0.00000000000000      -1.79922762E-13 -1.68700387E-05 -6.74356038E-07
    0.00000000000000     0.00000000000000     0.00000000000000      -9.07059399E-05 -1.25909135E-04  5.25581109E-05
   -0.00000000000000     0.00000000000000     0.00000000000000       6.67028830E-14 -5.45755477E-05  7.83720465E-07
# Filename: xfset/XFSET.zno_mlff03, Snapshot: 1
    0.00000000000000    -0.01889726124994     0.00000000000000       4.59670375E-12  4.33211496E-03  4.68984136E-05
    0.00000000000000     0.00000000000000     0.00000000000000       1.84646945E-05 -2.57776536E-05  7.75444856E-05
    0.00000000000000     0.00000000000000     0.00000000000000       1.99525242E-14 -2.50963946E-04 -1.00346093E-05
    0.00000000000000     0.00000000000000     0.00000000000000       1.74931193E-05  8.60546149E-06  2.37571484E-05
    0.00000000000000     0.00000000000000     0.00000000000000      -5.10286778E-14  1.91763521E-05 -1.13386714E-06
    0.00000000000000     0.00000000000000     0.00000000000000       1.89651260E-05 -2.62777566E-05 -2.26569987E-04
    0.00000000000000     0.00000000000000     0.00000000000000      -3.59767736E-14 -7.06532771E-05 -1.77984382E-07
    0.00000000000000     0.00000000000000     0.00000000000000       9.02992369E-04 -5.58943117E-04 -3.42763731E-04
    0.00000000000000     0.00000000000000     0.00000000000000       5.60825479E-04 -7.29772107E-04 -5.13847533E-05
    0.00000000000000     0.00000000000000     0.00000000000000      -6.97366001E-14 -6.12569452E-05 -1.53908057E-04
    0.00000000000000     0.00000000000000     0.00000000000000      -8.23110095E-05  1.37250752E-04 -1.48637544E-05
    0.00000000000000     0.00000000000000     0.00000000000000      -2.16249580E-14 -2.06862615E-05 -4.74393763E-05
    0.00000000000000     0.00000000000000     0.00000000000000       1.20563211E-05  6.19067023E-06 -1.49780588E-05
    0.00000000000000     0.00000000000000     0.00000000000000      -6.68195644E-14 -6.03088564E-05  4.54617856E-04
    0.00000000000000     0.00000000000000     0.00000000000000      -9.22024509E-05  1.25130687E-04 -5.52968127E-05
    0.00000000000000     0.00000000000000     0.00000000000000      -3.33903353E-13 -2.02208567E-03  6.48070974E-04
    0.00000000000000     0.00000000000000     0.00000000000000      -9.96848333E-14  2.36554319E-04  9.92134088E-05
    0.00000000000000     0.00000000000000     0.00000000000000      -1.84646945E-05 -2.57776535E-05  7.75444857E-05
    0.00000000000000     0.00000000000000     0.00000000000000      -1.02913019E-13 -1.01970429E-06  3.35818021E-05
    0.00000000000000     0.00000000000000     0.00000000000000      -1.74931193E-05  8.60546149E-06  2.37571484E-05
    0.00000000000000     0.00000000000000     0.00000000000000       4.97840759E-15  2.65555531E-05  2.87436497E-05
    0.00000000000000     0.00000000000000     0.00000000000000      -1.89651260E-05 -2.62777565E-05 -2.26569987E-04
    0.00000000000000     0.00000000000000     0.00000000000000       1.13180985E-14 -3.20873240E-05  1.08300687E-04
    0.00000000000000     0.00000000000000     0.00000000000000      -9.02992373E-04 -5.58943119E-04 -3.42763733E-04
    0.00000000000000     0.00000000000000     0.00000000000000      -5.60825479E-04 -7.29772107E-04 -5.13847533E-05
   -0.00000000000000     0.00000000000000     0.00000000000000       1.78133647E-13  1.14101447E-05  1.49516937E-06
    0.00000000000000     0.00000000000000     0.00000000000000       8.23110096E-05  1.37250752E-04 -1.48637544E-05
   -0.00000000000000     0.00000000000000     0.00000000000000       3.76492074E-14 -5.06420959E-05  7.35666906E-07
    0.00000000000000     0.00000000000000     0.00000000000000      -1.20563210E-05  6.19067029E-06 -1.49780588E-05
   -0.00000000000000     0.00000000000000     0.00000000000000       1.76811257E-13  1.19747495E-05 -6.13652405E-07
    0.00000000000000     0.00000000000000     0.00000000000000       9.22024509E-05  1.25130687E-04 -5.52968127E-05
   -0.00000000000000     0.00000000000000     0.00000000000000      -7.01255382E-14  5.91041352E-05  7.60847784E-07
# Filename: xfset/XFSET.zno_mlff04, Snapshot: 1
    0.00000000000000     0.00000000000000     0.01889726124993      -2.60666310E-12 -4.80299651E-13 -4.73792348E-03
    0.00000000000000     0.00000000000000     0.00000000000000       3.96271909E-04 -2.28787693E-04  3.01583689E-04
    0.00000000000000     0.00000000000000     0.00000000000000      -1.17575986E-13 -1.15903552E-13  2.55797222E-03
    0.00000000000000     0.00000000000000     0.00000000000000      -3.52323550E-05  2.03414097E-05 -2.13375556E-04
    0.00000000000000     0.00000000000000     0.00000000000000      -1.69188071E-14  2.83924808E-14  4.39783084E-04
    0.00000000000000     0.00000000000000     0.00000000000000      -1.35175779E-04  7.80437726E-05  3.03529491E-04
    0.00000000000000     0.00000000000000     0.00000000000000       4.30165531E-14  8.50996548E-14 -1.73075841E-04
    0.00000000000000     0.00000000000000     0.00000000000000      -6.67434360E-04  3.85343407E-04  4.64454685E-04
    0.00000000000000     0.00000000000000     0.00000000000000       8.51386975E-05  4.91548499E-05 -3.75292960E-04
    0.00000000000000     0.00000000000000     0.00000000000000       1.38189704E-13  4.57575386E-04  3.01583689E-04
    0.00000000000000     0.00000000000000     0.00000000000000       5.69866021E-07  3.29012336E-07  1.16340059E-04
    0.00000000000000     0.00000000000000     0.00000000000000       1.86690285E-14 -4.06828194E-05 -2.13375556E-04
    0.00000000000000     0.00000000000000     0.00000000000000       2.53746463E-05  1.46500588E-05  1.51604251E-04
    0.00000000000000     0.00000000000000     0.00000000000000      -4.43000488E-14 -1.56087545E-04  3.03529491E-04
    0.00000000000000     0.00000000000000     0.00000000000000      -1.54149511E-05 -8.89982607E-06 -2.49168794E-04
    0.00000000000000     0.00000000000000     0.00000000000000      -2.97771004E-13 -7.70686816E-04  4.64454685E-04
    0.00000000000000     0.00000000000000     0.00000000000000       3.88549155E-14 -9.83096999E-05 -3.75292960E-04
    0.00000000000000     0.00000000000000     0.00000000000000      -3.96271909E-04 -2.28787693E-04  3.01583689E-04
    0.00000000000000     0.00000000000000     0.00000000000000      -3.29430565E-14 -6.58024603E-07  1.16340059E-04
    0.00000000000000     0.00000000000000     0.00000000000000       3.52323551E-05  2.03414097E-05 -2.13375556E-04
    0.00000000000000     0.00000000000000     0.00000000000000       1.01512842E-14 -2.93001178E-05  1.51604250E-04
    0.00000000000000     0.00000000000000     0.00000000000000       1.35175779E-04  7.80437727E-05  3.03529492E-04
    0.00000000000000     0.00000000000000     0.00000000000000      -2.21694713E-15  1.77996524E-05 -2.49168794E-04
    0.00000000000000     0.00000000000000     0.00000000000000       6.67434362E-04  3.85343409E-04  4.64454685E-04
    0.00000000000000     0.00000000000000     0.00000000000000      -8.51386974E-05  4.91548499E-05 -3.75292960E-04
   -0.00000000000000     0.00000000000000     0.00000000000000      -7.77876186E-15  2.49853831E-13  1.18199992E-04
    0.00000000000000     0.00000000000000     0.00000000000000      -5.69866100E-07  3.29012343E-07  1.16340059E-04
   -0.00000000000000     0.00000000000000     0.00000000000000       4.53501817E-14  7.22258039E-14 -4.70233764E-05
    0.00000000000000     0.00000000000000     0.00000000000000      -2.53746463E-05  1.46500588E-05  1.51604251E-04
   -0.00000000000000     0.00000000000000     0.00000000000000       1.48574352E-14 -2.27956616E-13  1.15660888E-04
    0.00000000000000     0.00000000000000     0.00000000000000       1.54149511E-05 -8.89982609E-06 -2.49168794E-04
   -0.00000000000000     0.00000000000000     0.00000000000000       7.37815563E-14  2.85869498E-14  2.27381910E-04
# Filename: xfset/XFSET.zno_mlff05, Snapshot: 1
    0.00000000000000     0.00000000000000    -0.01889726124994       2.59153341E-12  4.51479338E-13  4.54239023E-03
    0.00000000000000     0.00000000000000     0.00000000000000      -3.93199919E-04  2.27014079E-04 -3.02905890E-04
    0.00000000000000     0.00000000000000     0.00000000000000       1.29010765E-13  1.14114437E-13 -2.36329785E-03
    0.00000000000000     0.00000000000000     0.00000000000000       3.50947783E-05 -2.02619798E-05  2.06756598E-04
    0.00000000000000     0.00000000000000     0.00000000000000       1.81245151E-14 -3.07261094E-14 -4.42648129E-04
    0.00000000000000     0.00000000000000     0.00000000000000       1.35509716E-04 -7.82365713E-05 -3.01091509E-04
    0.00000000000000     0.00000000000000     0.00000000000000      -4.51168188E-14 -8.45162476E-14  1.70529711E-04
    0.00000000000000     0.00000000000000     0.00000000000000       6.75708457E-04 -3.90120459E-04 -4.61808243E-04
    0.00000000000000     0.00000000000000     0.00000000000000      -8.74631197E-05 -5.04968557E-05  3.72764253E-04
    0.00000000000000     0.00000000000000     0.00000000000000      -1.37489616E-13 -4.54028158E-04 -3.02905890E-04
    0.00000000000000     0.00000000000000     0.00000000000000      -2.74864579E-06 -1.58693142E-06 -1.10861647E-04
    0.00000000000000     0.00000000000000     0.00000000000000      -1.64909751E-14  4.05239595E-05  2.06756598E-04
    0.00000000000000     0.00000000000000     0.00000000000000      -2.45680411E-05 -1.41843651E-05 -1.51481696E-04
    0.00000000000000     0.00000000000000     0.00000000000000       4.55835445E-14  1.56473142E-04 -3.01091509E-04
    0.00000000000000     0.00000000000000     0.00000000000000       1.45969091E-05  8.42752932E-06  2.49303035E-04
    0.00000000000000     0.00000000000000     0.00000000000000       2.96759765E-13  7.80240920E-04 -4.61808244E-04
    0.00000000000000     0.00000000000000     0.00000000000000      -3.42654460E-14  1.00993711E-04  3.72764254E-04
    0.00000000000000     0.00000000000000     0.00000000000000       3.93199919E-04  2.27014079E-04 -3.02905890E-04
    0.00000000000000     0.00000000000000     0.00000000000000       3.44988089E-14  3.17386277E-06 -1.10861647E-04
    0.00000000000000     0.00000000000000     0.00000000000000      -3.50947783E-05 -2.02619798E-05  2.06756598E-04
    0.00000000000000     0.00000000000000     0.00000000000000      -9.06225757E-15  2.83687303E-05 -1.51481696E-04
    0.00000000000000     0.00000000000000     0.00000000000000      -1.35509716E-04 -7.82365714E-05 -3.01091509E-04
    0.00000000000000     0.00000000000000     0.00000000000000       1.94469047E-15 -1.68550589E-05  2.49303035E-04
    0.00000000000000     0.00000000000000     0.00000000000000      -6.75708460E-04 -3.90120461E-04 -4.61808244E-04
    0.00000000000000     0.00000000000000     0.00000000000000       8.74631197E-05 -5.04968557E-05  3.72764253E-04
   -0.00000000000000     0.00000000000000     0.00000000000000       7.46761139E-15 -2.47597990E-13 -1.12334745E-04
    0.00000000000000     0.00000000000000     0.00000000000000       2.74864587E-06 -1.58693143E-06 -1.10861647E-04
   -0.00000000000000     0.00000000000000     0.00000000000000      -4.27054026E-14 -7.04366887E-14  4.85646320E-05
    0.00000000000000     0.00000000000000     0.00000000000000       2.45680411E-05 -1.41843651E-05 -1.51481696E-04
   -0.00000000000000     0.00000000000000     0.00000000000000      -1.89801789E-14  2.31651528E-13 -1.14819242E-04
    0.00000000000000     0.00000000000000     0.00000000000000      -1.45969091E-05  8.42752934E-06  2.49303035E-04
   -0.00000000000000     0.00000000000000     0.00000000000000      -7.25758482E-14 -2.25195156E-14 -2.30409315E-04
# Filename: xfset/XFSET.zno_mlff06, Snapshot: 1
    0.00000000000000     0.00000000000000     0.00000000000000       2.49616590E-04 -1.21679341E-06  8.48265102E-06
    0.00000000000000     0.00000000000000     0.00000000000000       1.63302957E-03 -9.25813425E-04  6.92276331E-04
    0.01889726124994     0.00000000000000     0.00000000000000      -4.80410829E-03  7.93038761E-05 -4.63670858E-05
    0.00000000000000     0.00000000000000     0.00000000000000       1.18601398E-04 -9.99850010E-05  2.66618596E-04
    0.00000000000000     0.00000000000000     0.00000000000000       7.05605030E-05 -6.66242158E-07 -2.14081263E-06
    0.00000000000000     0.00000000000000     0.00000000000000       1.07869513E-05 -1.72573820E-05  3.52984262E-05
    0.00000000000000     0.00000000000000     0.00000000000000      -1.24029294E-04  1.69207631E-07 -1.23642188E-06
    0.00000000000000     0.00000000000000     0.00000000000000       1.19074227E-04 -9.85488464E-05 -1.51544896E-04
    0.00000000000000     0.00000000000000     0.00000000000000      -4.39003959E-05  8.16595278E-05  2.06366922E-06
    0.00000000000000     0.00000000000000     0.00000000000000       4.13506305E-05 -4.76559574E-06 -4.27141607E-06
    0.00000000000000     0.00000000000000     0.00000000000000       2.11524071E-04 -4.80588925E-04  7.37251571E-05
    0.00000000000000     0.00000000000000     0.00000000000000      -5.26478852E-05 -1.94912485E-06  5.51195455E-08
    0.00000000000000     0.00000000000000     0.00000000000000      -2.00329081E-05  9.20685475E-05 -1.67189770E-05
    0.00000000000000     0.00000000000000     0.00000000000000      -1.86841368E-05 -2.62961586E-07  6.14631413E-07
    0.00000000000000     0.00000000000000     0.00000000000000      -5.70650169E-06 -3.20701074E-05 -1.65702143E-05
    0.00000000000000     0.00000000000000     0.00000000000000      -5.26741595E-05 -3.03509842E-06 -2.13033490E-07
    0.00000000000000     0.00000000000000     0.00000000000000      -1.84023392E-04 -1.53780262E-06  3.70183254E-06
    0.00000000000000     0.00000000000000     0.00000000000000       1.53713684E-03  8.57159757E-04 -6.51624264E-04
    0.00000000000000     0.00000000000000     0.00000000000000       1.04125998E-03  1.76167624E-06  9.49131976E-07
    0.00000000000000     0.00000000000000     0.00000000000000       1.21606597E-04  9.95200605E-05 -2.60867625E-04
    0.00000000000000     0.00000000000000     0.00000000000000      -1.78289779E-04 -6.75565896E-07 -1.49026996E-06
    0.00000000000000     0.00000000000000     0.00000000000000       1.15374403E-05  1.72195731E-05 -3.50100311E-05
    0.00000000000000     0.00000000000000     0.00000000000000       4.96279755E-05  7.66936628E-07 -6.78216260E-07
    0.00000000000000     0.00000000000000     0.00000000000000       1.21135173E-04  1.00986153E-04  1.45849172E-04
    0.00000000000000     0.00000000000000     0.00000000000000      -4.48217592E-05 -7.96245887E-05 -1.19814921E-06
   -0.00000000000000     0.00000000000000     0.00000000000000      -5.68407651E-05 -2.20048289E-08 -9.08117703E-08
    0.00000000000000     0.00000000000000     0.00000000000000       2.11745287E-04  4.77320818E-04 -7.09608015E-05
   -0.00000000000000     0.00000000000000     0.00000000000000       5.71024822E-06  2.73368920E-07  1.50869355E-06
    0.00000000000000     0.00000000000000     0.00000000000000      -1.98440590E-05 -9.07860203E-05  1.33089668E-05
   -0.00000000000000     0.00000000000000     0.00000000000000       5.02176578E-05  6.81954038E-07  1.09094705E-06
    0.00000000000000     0.00000000000000     0.00000000000000      -4.64564335E-06  3.12048015E-05  1.58453245E-05
   -0.00000000000000     0.00000000000000     0.00000000000000       5.72782688E-06 -1.29077301E-06 -4.05623879E-07
# Filename: xfset/XFSET.zno_mlff07, Snapshot: 1
    0.00000000000000     0.00000000000000     0.00000000000000      -1.67243380E-14  2.50833491E-04  8.50096476E-06
    0.00000000000000     0.00000000000000     0.00000000000000      -8.74069047E-04  5.52514924E-04 -3.83888610E-04
    0.00000000000000     0.01889726124994     0.00000000000000      -4.90065887E-12 -4.88341638E-03 -4.68068843E-05
    0.00000000000000     0.00000000000000     0.00000000000000      -1.00728271E-04  6.59937910E-06 -1.51279507E-04
    0.00000000000000     0.00000000000000     0.00000000000000       3.52766850E-14  7.12268514E-05 -2.15798564E-06
    0.00000000000000     0.00000000000000     0.00000000000000      -1.73744536E-05 -8.42128672E-06 -1.98380681E-05
    0.00000000000000     0.00000000000000     0.00000000000000      -3.15039855E-14 -1.24198462E-04 -1.24055131E-06
    0.00000000000000     0.00000000000000     0.00000000000000      -1.02218284E-04  5.71000972E-06  8.47568642E-05
    0.00000000000000     0.00000000000000     0.00000000000000       8.21058038E-05 -1.37376013E-04  3.56270621E-06
    0.00000000000000     0.00000000000000     0.00000000000000       5.47274791E-13  2.17991012E-03  8.04564834E-04
    0.00000000000000     0.00000000000000     0.00000000000000      -4.80926370E-04  7.65150572E-04  4.28701484E-05
    0.00000000000000     0.00000000000000     0.00000000000000       1.57636609E-13  1.76775471E-04  3.08357421E-04
    0.00000000000000     0.00000000000000     0.00000000000000       9.21849356E-05 -1.25764315E-04 -1.02348486E-05
    0.00000000000000     0.00000000000000     0.00000000000000      -5.01730140E-15  2.07836378E-05  4.05804506E-05
    0.00000000000000     0.00000000000000     0.00000000000000      -3.23288631E-05  3.10870891E-05 -9.92631700E-06
    0.00000000000000     0.00000000000000     0.00000000000000       8.08991234E-14  1.76713026E-04 -1.75428821E-04
    0.00000000000000     0.00000000000000     0.00000000000000      -7.95767338E-14  1.50891001E-06 -2.53134652E-06
    0.00000000000000     0.00000000000000     0.00000000000000       8.74069052E-04  5.52514926E-04 -3.83888612E-04
    0.00000000000000     0.00000000000000     0.00000000000000      -5.98964663E-15 -6.42646115E-05 -8.19985039E-05
    0.00000000000000     0.00000000000000     0.00000000000000       1.00728271E-04  6.59937906E-06 -1.51279507E-04
    0.00000000000000     0.00000000000000     0.00000000000000      -4.50001374E-14  3.27550743E-05  1.55555935E-05
    0.00000000000000     0.00000000000000     0.00000000000000       1.73744536E-05 -8.42128672E-06 -1.98380681E-05
    0.00000000000000     0.00000000000000     0.00000000000000      -4.18886326E-14 -2.28000359E-05  1.84623329E-05
    0.00000000000000     0.00000000000000     0.00000000000000       1.02218284E-04  5.71000967E-06  8.47568643E-05
    0.00000000000000     0.00000000000000     0.00000000000000      -8.21058037E-05 -1.37376013E-04  3.56270621E-06
   -0.00000000000000     0.00000000000000     0.00000000000000       6.72862901E-14 -5.68188982E-05 -1.01572199E-07
    0.00000000000000     0.00000000000000     0.00000000000000       4.80926370E-04  7.65150572E-04  4.28701485E-05
   -0.00000000000000     0.00000000000000     0.00000000000000      -3.23985432E-14  5.43681835E-06  1.53264794E-06
    0.00000000000000     0.00000000000000     0.00000000000000      -9.21849356E-05 -1.25764315E-04 -1.02348487E-05
   -0.00000000000000     0.00000000000000     0.00000000000000      -3.53155789E-14  4.95357247E-05  1.08728090E-06
    0.00000000000000     0.00000000000000     0.00000000000000       3.23288632E-05  3.10870891E-05 -9.92631698E-06
   -0.00000000000000     0.00000000000000     0.00000000000000      -3.30597379E-14  7.01854141E-06 -4.20594647E-07
# Filename: xfset/XFSET.zno_mlff08, Snapshot: 1
    0.00000000000000     0.00000000000000     0.00000000000000       2.10026570E-14 -2.48399688E-04  8.46433765E-06
    0.00000000000000     0.00000000000000     0.00000000000000       9.08197538E-04 -5.58933472E-04  3.91741479E-04
    0.00000000000000    -0.01889726124994     0.00000000000000       4.95487684E-12  4.72480040E-03 -4.59272936E-05
    0.00000000000000     0.00000000000000     0.00000000000000       9.87459528E-05 -3.25497013E-06  1.53269928E-04
    0.00000000000000     0.00000000000000     0.00000000000000      -3.60545612E-14 -6.98941591E-05 -2.12363964E-06
    0.00000000000000     0.00000000000000     0.00000000000000       1.70926427E-05  9.05512243E-06  2.07536804E-05
    0.00000000000000     0.00000000000000     0.00000000000000       3.33708884E-14  1.23860125E-04 -1.23229243E-06
    0.00000000000000     0.00000000000000     0.00000000000000       9.73064042E-05 -4.12162641E-06 -8.69394581E-05
    0.00000000000000     0.00000000000000     0.00000000000000      -7.91549175E-05  1.37576072E-04  1.66168414E-06
    0.00000000000000     0.00000000000000     0.00000000000000      -5.22616116E-13 -2.02022737E-03 -7.47509263E-04
    0.00000000000000     0.00000000000000     0.00000000000000       4.77005049E-04 -7.64273339E-04 -4.06831982E-05
    0.00000000000000     0.00000000000000     0.00000000000000      -1.58647848E-13 -1.78636054E-04 -3.00726081E-04
    0.00000000000000     0.00000000000000     0.00000000000000      -9.06643884E-05  1.25250741E-04  7.11100896E-06
    0.00000000000000     0.00000000000000     0.00000000000000       5.63960235E-15 -2.14496909E-05 -4.06056222E-05
    0.00000000000000     0.00000000000000     0.00000000000000       3.09438266E-05 -3.16341102E-05  8.78026632E-06
    0.00000000000000     0.00000000000000     0.00000000000000      -8.23381943E-14 -1.78694184E-04  1.67976492E-04
    0.00000000000000     0.00000000000000     0.00000000000000       7.87210700E-14 -2.90415878E-06  1.21727088E-06
    0.00000000000000     0.00000000000000     0.00000000000000      -9.08197542E-04 -5.58933474E-04  3.91741480E-04
    0.00000000000000     0.00000000000000     0.00000000000000       1.15125676E-14  6.55245341E-05  8.50515791E-05
    0.00000000000000     0.00000000000000     0.00000000000000      -9.87459528E-05 -3.25497008E-06  1.53269928E-04
    0.00000000000000     0.00000000000000     0.00000000000000       4.68281464E-14 -3.29415464E-05 -1.91084745E-05
    0.00000000000000     0.00000000000000     0.00000000000000      -1.70926427E-05  9.05512243E-06  2.07536804E-05
    0.00000000000000     0.00000000000000     0.00000000000000       4.27442964E-14  2.40907011E-05 -1.89764432E-05
    0.00000000000000     0.00000000000000     0.00000000000000      -9.73064042E-05 -4.12162637E-06 -8.69394582E-05
    0.00000000000000     0.00000000000000     0.00000000000000       7.91549174E-05  1.37576072E-04  1.66168413E-06
   -0.00000000000000     0.00000000000000     0.00000000000000      -6.95421310E-14  5.68626227E-05 -8.00511091E-08
    0.00000000000000     0.00000000000000     0.00000000000000      -4.77005049E-04 -7.64273339E-04 -4.06831983E-05
   -0.00000000000000     0.00000000000000     0.00000000000000       3.28263751E-14 -5.98366826E-06  1.48473929E-06
    0.00000000000000     0.00000000000000     0.00000000000000       9.06643883E-05  1.25250741E-04  7.11100898E-06
   -0.00000000000000     0.00000000000000     0.00000000000000       3.71435879E-14 -5.08995909E-05  1.09461329E-06
    0.00000000000000     0.00000000000000     0.00000000000000      -3.09438266E-05 -3.16341102E-05  8.78026630E-06
   -0.00000000000000     0.00000000000000     0.00000000000000       3.21262865E-14 -4.43710258E-06 -3.90653148E-07
# Filename: xfset/XFSET.zno_mlff09, Snapshot: 1
    0.00000000000000     0.00000000000000     0.00000000000000       1.66659973E-13 -1.68838026E-13  2.36238816E-03
    0.00000000000000     0.00000000000000     0.00000000000000       5.91007530E-04 -3.41218356E-04  4.60185231E-04
    0.00000000000000     0.00000000000000     0.01889726124994       2.63614461E-12  4.69331597E-13 -4.91207421E-03
    0.00000000000000     0.00000000000000     0.00000000000000       1.48938101E-04 -8.59894531E-05  3.53114518E-04
    0.00000000000000     0.00000000000000     0.00000000000000       4.24720398E-14 -2.47753565E-14 -1.69165150E-04
    0.00000000000000     0.00000000000000     0.00000000000000      -4.30322188E-05  2.48446630E-05 -2.07741563E-04
    0.00000000000000     0.00000000000000     0.00000000000000      -1.94469047E-16 -1.90968604E-14  3.14754554E-04
    0.00000000000000     0.00000000000000     0.00000000000000      -2.62671918E-04  1.51653702E-04  3.45846040E-04
    0.00000000000000     0.00000000000000     0.00000000000000       2.71341029E-05  1.56658816E-05  1.14256384E-04
    0.00000000000000     0.00000000000000     0.00000000000000       2.82680206E-13  6.82436714E-04  4.60185231E-04
    0.00000000000000     0.00000000000000     0.00000000000000       7.26557261E-05  4.19478031E-05 -2.12204267E-04
    0.00000000000000     0.00000000000000     0.00000000000000      -7.64263353E-14  1.71978906E-04  3.53114518E-04
    0.00000000000000     0.00000000000000     0.00000000000000       9.38423646E-05  5.41799143E-05 -2.49629510E-04
    0.00000000000000     0.00000000000000     0.00000000000000       5.40623949E-15 -4.96893263E-05 -2.07741563E-04
    0.00000000000000     0.00000000000000     0.00000000000000      -1.63350750E-05 -9.43105994E-06  1.15589810E-04
    0.00000000000000     0.00000000000000     0.00000000000000      -8.17547872E-14 -3.03307405E-04  3.45846040E-04
    0.00000000000000     0.00000000000000     0.00000000000000       3.44988089E-14 -3.13317632E-05  1.14256384E-04
    0.00000000000000     0.00000000000000     0.00000000000000      -5.91007532E-04 -3.41218358E-04  4.60185231E-04
    0.00000000000000     0.00000000000000     0.00000000000000       2.91703570E-15 -8.38956060E-05 -2.12204268E-04
    0.00000000000000     0.00000000000000     0.00000000000000      -1.48938102E-04 -8.59894532E-05  3.53114518E-04
    0.00000000000000     0.00000000000000     0.00000000000000       1.60242494E-14 -1.08359829E-04 -2.49629510E-04
    0.00000000000000     0.00000000000000     0.00000000000000       4.30322188E-05  2.48446630E-05 -2.07741563E-04
    0.00000000000000     0.00000000000000     0.00000000000000      -2.46197813E-14  1.88621199E-05  1.15589810E-04
    0.00000000000000     0.00000000000000     0.00000000000000       2.62671918E-04  1.51653703E-04  3.45846041E-04
    0.00000000000000     0.00000000000000     0.00000000000000      -2.71341029E-05  1.56658816E-05  1.14256384E-04
   -0.00000000000000     0.00000000000000     0.00000000000000       3.57434108E-14 -6.00131478E-14  2.30955682E-04
    0.00000000000000     0.00000000000000     0.00000000000000      -7.26557263E-05  4.19478032E-05 -2.12204268E-04
   -0.00000000000000     0.00000000000000     0.00000000000000       1.59464618E-14  6.48359801E-14  3.13620886E-05
    0.00000000000000     0.00000000000000     0.00000000000000      -9.38423645E-05  5.41799143E-05 -2.49629510E-04
   -0.00000000000000     0.00000000000000     0.00000000000000       8.68109824E-14 -7.03977949E-15 -4.85900594E-05
    0.00000000000000     0.00000000000000     0.00000000000000       1.63350749E-05 -9.43105992E-06  1.15589810E-04
   -0.00000000000000     0.00000000000000     0.00000000000000       8.47885043E-15  2.16560730E-13  3.21190007E-05
# Filename: xfset/XFSET.zno_mlff10, Snapshot: 1
    0.00000000000000     0.00000000000000     0.00000000000000      -1.57325459E-13  1.64209663E-13 -2.55843753E-03
    0.00000000000000     0.00000000000000     0.00000000000000      -5.81832933E-04  3.35921401E-04 -4.66239062E-04
    0.00000000000000     0.00000000000000    -0.01889726124994      -2.63820598E-12 -4.58519118E-13  5.10871872E-03
    0.00000000000000     0.00000000000000     0.00000000000000      -1.48337732E-04  8.56428299E-05 -3.47876736E-04
    0.00000000000000     0.00000000000000     0.00000000000000      -4.44556240E-14  2.48531441E-14  1.74283080E-04
    0.00000000000000     0.00000000000000     0.00000000000000       3.94129586E-05 -2.27550822E-05  2.12376813E-04
    0.00000000000000     0.00000000000000     0.00000000000000       6.61194758E-16  1.94857985E-14 -3.14234642E-04
    0.00000000000000     0.00000000000000     0.00000000000000       2.64832775E-04 -1.52901274E-04 -3.55284384E-04
    0.00000000000000     0.00000000000000     0.00000000000000      -2.47408693E-05 -1.42841476E-05 -1.12842795E-04
    0.00000000000000     0.00000000000000     0.00000000000000      -2.81435604E-13 -6.71842803E-04 -4.66239062E-04
    0.00000000000000     0.00000000000000     0.00000000000000      -7.19822244E-05 -4.15589567E-05  2.14105853E-04
    0.00000000000000     0.00000000000000     0.00000000000000       7.50261582E-14 -1.71285660E-04 -3.47876736E-04
    0.00000000000000     0.00000000000000     0.00000000000000      -9.29920039E-05 -5.36889584E-05  2.48967364E-04
    0.00000000000000     0.00000000000000     0.00000000000000      -2.10026570E-15  4.55101646E-05  2.12376813E-04
    0.00000000000000     0.00000000000000     0.00000000000000       1.60308513E-05  9.25541626E-06 -1.17292629E-04
    0.00000000000000     0.00000000000000     0.00000000000000       8.07824419E-14  3.05802548E-04 -3.55284384E-04
    0.00000000000000     0.00000000000000     0.00000000000000      -3.43821274E-14  2.85682951E-05 -1.12842794E-04
    0.00000000000000     0.00000000000000     0.00000000000000       5.81832936E-04  3.35921403E-04 -4.66239063E-04
    0.00000000000000     0.00000000000000     0.00000000000000       1.36128333E-15  8.31179132E-05  2.14105854E-04
    0.00000000000000     0.00000000000000     0.00000000000000       1.48337733E-04  8.56428300E-05 -3.47876737E-04
    0.00000000000000     0.00000000000000     0.00000000000000      -1.70354885E-14  1.07377917E-04  2.48967364E-04
    0.00000000000000     0.00000000000000     0.00000000000000      -3.94129586E-05 -2.27550821E-05  2.12376813E-04
    0.00000000000000     0.00000000000000     0.00000000000000       2.70311975E-14 -1.85108326E-05 -1.17292628E-04
    0.00000000000000     0.00000000000000     0.00000000000000      -2.64832775E-04 -1.52901274E-04 -3.55284384E-04
    0.00000000000000     0.00000000000000     0.00000000000000       2.47408693E-05 -1.42841476E-05 -1.12842795E-04
   -0.00000000000000     0.00000000000000     0.00000000000000      -3.73769507E-14  6.07132363E-14 -2.26862665E-04
    0.00000000000000     0.00000000000000     0.00000000000000       7.19822246E-05 -4.15589568E-05  2.14105854E-04
   -0.00000000000000     0.00000000000000     0.00000000000000      -1.13958861E-14 -6.96588125E-14 -2.94758789E-05
    0.00000000000000     0.00000000000000     0.00000000000000       9.29920038E-05 -5.36889583E-05  2.48967364E-04
   -0.00000000000000     0.00000000000000     0.00000000000000      -8.30771767E-14  7.11756710E-15  4.71213699E-05
    0.00000000000000     0.00000000000000     0.00000000000000      -1.60308512E-05  9.25541624E-06 -1.17292628E-04
   -0.00000000000000     0.00000000000000     0.00000000000000      -5.48402711E-15 -2.19361085E-13 -2.88557234E-05
