# Filename: xfset/XFSET.zno_mlff01, Snapshot: 1
    0.01889726124994     0.00000000000000     0.00000000000000      -3.92953643E-03  1.63151260E-05  1.14847886E-05
    0.00000000000000     0.00000000000000     0.00000000000000       9.48126950E-05 -1.38408318E-04  3.23260584E-04
    0.00000000000000     0.00000000000000     0.00000000000000       1.17169031E-04  1.34676297E-06 -6.54344557E-06
    0.00000000000000     0.00000000000000     0.00000000000000      -3.92357122E-05  2.04978138E-05 -5.60967472E-05
    0.00000000000000     0.00000000000000     0.00000000000000      -1.51351811E-04 -1.02889317E-06  3.26515705E-07
    0.00000000000000     0.00000000000000     0.00000000000000       9.43956354E-05 -1.39945902E-04 -2.43222491E-04
    0.00000000000000     0.00000000000000     0.00000000000000       1.48803774E-04  3.53111521E-07 -5.25366190E-07
    0.00000000000000     0.00000000000000     0.00000000000000       8.87745791E-04 -4.15207501E-04 -3.03452659E-04
    0.00000000000000     0.00000000000000     0.00000000000000       1.58746733E-04 -6.01553228E-04 -1.66459780E-04
    0.00000000000000     0.00000000000000     0.00000000000000      -1.43625360E-04  7.76639391E-08  1.17566052E-06
    0.00000000000000     0.00000000000000     0.00000000000000       8.66425612E-06 -6.21118640E-05 -1.23541223E-04
    0.00000000000000     0.00000000000000     0.00000000000000      -3.59982990E-06  7.71436549E-08  4.39671266E-07
    0.00000000000000     0.00000000000000     0.00000000000000       1.21736513E-06 -3.70128500E-05 -5.19957716E-06
    0.00000000000000     0.00000000000000     0.00000000000000      -1.43615537E-04  7.74133397E-07  9.49014700E-07
    0.00000000000000     0.00000000000000     0.00000000000000      -3.84408565E-05 -2.50766872E-05  2.35038519E-04
    0.00000000000000     0.00000000000000     0.00000000000000       1.75918458E-04 -7.77918575E-06  2.27295479E-06
    0.00000000000000     0.00000000000000     0.00000000000000       1.19977333E-03  6.03616966E-07  5.49019323E-08
    0.00000000000000     0.00000000000000     0.00000000000000       9.56793634E-05  1.37425218E-04 -3.24135636E-04
    0.00000000000000     0.00000000000000     0.00000000000000       1.16195651E-04 -1.11786741E-06  2.83841079E-06
    0.00000000000000     0.00000000000000     0.00000000000000      -3.95154575E-05 -2.08181675E-05  5.97706359E-05
    0.00000000000000     0.00000000000000     0.00000000000000       6.70737294E-05 -4.79866415E-07  2.10408776E-07
    0.00000000000000     0.00000000000000     0.00000000000000       9.61088006E-05  1.35887246E-04  2.42343326E-04
    0.00000000000000     0.00000000000000     0.00000000000000       4.34522036E-06 -7.76664008E-07 -4.44091627E-07
    0.00000000000000     0.00000000000000     0.00000000000000       8.90243541E-04  4.08317313E-04  2.91407842E-04
    0.00000000000000     0.00000000000000     0.00000000000000       1.57591188E-04  6.01191288E-04  1.64841039E-04
   -0.00000000000000     0.00000000000000     0.00000000000000       4.34690512E-05 -1.00973264E-06 -1.22238542E-06
    0.00000000000000     0.00000000000000     0.00000000000000       6.40765313E-06  6.33626012E-05  1.29915221E-04
   -0.00000000000000     0.00000000000000     0.00000000000000      -1.97425710E-05 -3.30089967E-07 -5.62406682E-08
    0.00000000000000     0.00000000000000     0.00000000000000       2.18718290E-06  3.84647804E-05  6.62395855E-06
   -0.00000000000000     0.00000000000000     0.00000000000000       4.34626774E-05  7.68353577E-07  1.43422315E-06
    0.00000000000000     0.00000000000000     0.00000000000000      -4.02984376E-05  2.54012236E-05 -2.41472570E-04
   -0.00000000000000     0.00000000000000     0.00000000000000       1.38950877E-04  1.79342001E-06 -2.01546344E-06
# Filename: xfset/XFSET.zno_mlff02, Snapshot: 1
    0.00000000000000     0.01889726124994     0.00000000000000      -1.14223339E-12 -3.94585119E-03  1.15218481E-05
    0.00000000000000     0.00000000000000     0.00000000000000      -1.37587417E-04 -6.34498692E-05 -1.86211590E-04
    0.00000000000000     0.00000000000000     0.00000000000000      -7.32370429E-14  1.15822719E-04 -6.59951090E-06
    0.00000000000000     0.00000000000000     0.00000000000000       2.07971266E-05 -1.55259036E-05  3.43610251E-05
    0.00000000000000     0.00000000000000     0.00000000000000       5.36734568E-14 -1.50323004E-04  3.04978334E-07
    0.00000000000000     0.00000000000000     0.00000000000000      -1.36286567E-04 -6.24101787E-05  1.40638137E-04
    0.00000000000000     0.00000000000000     0.00000000000000      -2.96759765E-14  1.48450861E-04 -4.77437993E-07
    0.00000000000000     0.00000000000000     0.00000000000000      -4.14285291E-04  4.19233135E-04  1.71216083E-04
    0.00000000000000     0.00000000000000     0.00000000000000      -6.01802263E-04  8.52837983E-04 -9.58765458E-05
    0.00000000000000     0.00000000000000     0.00000000000000      -3.48099593E-14  1.74671970E-04  3.72837022E-04
    0.00000000000000     0.00000000000000     0.00000000000000      -6.17313594E-05  8.05821745E-05 -7.02607870E-05
    0.00000000000000     0.00000000000000     0.00000000000000      -2.71478789E-14 -5.10559169E-05 -6.45857294E-05
    0.00000000000000     0.00000000000000     0.00000000000000      -3.70413855E-05  4.46800247E-05 -3.05264435E-06
    0.00000000000000     0.00000000000000     0.00000000000000       9.65344347E-14  1.74993770E-04 -2.81262894E-04
    0.00000000000000     0.00000000000000     0.00000000000000      -2.46898644E-05 -9.53568181E-06  1.36238519E-04
    0.00000000000000     0.00000000000000     0.00000000000000       2.44914317E-13  1.13011051E-03 -3.52243171E-04
    0.00000000000000     0.00000000000000     0.00000000000000       9.17893900E-15 -1.89806580E-04  1.90174054E-04
    0.00000000000000     0.00000000000000     0.00000000000000       1.37587417E-04 -6.34498694E-05 -1.86211590E-04
    0.00000000000000     0.00000000000000     0.00000000000000       5.49569526E-14 -3.00301241E-05  1.49587515E-04
    0.00000000000000     0.00000000000000     0.00000000000000      -2.07971266E-05 -1.55259035E-05  3.43610252E-05
    0.00000000000000     0.00000000000000     0.00000000000000      -4.42611550E-14 -1.98537711E-05  7.68857194E-06
    0.00000000000000     0.00000000000000     0.00000000000000       1.36286567E-04 -6.24101788E-05  1.40638137E-04
    0.00000000000000     0.00000000000000     0.00000000000000       1.64170769E-13 -5.48709473E-05 -2.79205005E-04
    0.00000000000000     0.00000000000000     0.00000000000000       4.14285292E-04  4.19233135E-04  1.71216084E-04
    0.00000000000000     0.00000000000000     0.00000000000000       6.01802262E-04  8.52837983E-04 -9.58765459E-05
   -0.00000000000000     0.00000000000000     0.00000000000000      -1.29516385E-14  4.44788007E-05 -1.15536222E-06
    0.00000000000000     0.00000000000000     0.00000000000000       6.17313594E-05  8.05821745E-05 -7.02607869E-05
   -0.00000000000000     0.00000000000000     0.00000000000000       2.67200470E-14 -1.94125664E-05 -6.16978261E-08
    0.00000000000000     0.00000000000000     0.00000000000000       3.70413855E-05  4.46800247E-05 -3.05264430E-06
   -0.00000000000000     0.00000000000000     0.00000000000000      -1.35739394E-14  4.26944198E-05  1.37864096E-06
    0.00000000000000     0.00000000000000     0.00000000000000       2.46898642E-05 -9.53568177E-06  1.36238519E-04
   -0.00000000000000     0.00000000000000     0.00000000000000       8.17547872E-14  1.37157681E-04 -2.00621624E-06
# Filename: xfset/XFSET.zno_mlff03, Snapshot: 1
    0.00000000000000    -0.01889726124994     0.00000000000000       1.14390583E-12  3.91322168E-03  1.14477302E-05
    0.00000000000000     0.00000000000000     0.00000000000000       1.38244821E-04  6.45540054E-05  1.87487303E-04
    0.00000000000000     0.00000000000000     0.00000000000000       7.31203615E-14 -1.18515346E-04 -6.48738039E-06
    0.00000000000000     0.00000000000000     0.00000000000000      -2.05229799E-05  1.55266411E-05 -3.25502141E-05
    0.00000000000000     0.00000000000000     0.00000000000000      -5.18454478E-14  1.52380617E-04  3.48053013E-07
    0.00000000000000     0.00000000000000     0.00000000000000       1.39523700E-04  6.55889352E-05 -1.39665774E-04
    0.00000000000000     0.00000000000000     0.00000000000000       2.87425251E-14 -1.49156683E-04 -5.73294694E-07
    0.00000000000000     0.00000000000000     0.00000000000000       4.09280741E-04 -4.08011720E-04 -1.72200688E-04
    0.00000000000000     0.00000000000000     0.00000000000000       6.00896503E-04 -8.52332196E-04  9.54102041E-05
    0.00000000000000     0.00000000000000     0.00000000000000       3.57045169E-14 -1.75069178E-04 -3.74787232E-04
    0.00000000000000     0.00000000000000     0.00000000000000       6.37446575E-05 -7.93684360E-05  7.61700074E-05
    0.00000000000000     0.00000000000000     0.00000000000000       2.71867727E-14  5.15409930E-05  6.91912283E-05
    0.00000000000000     0.00000000000000     0.00000000000000       3.84337146E-05 -4.58879225E-05  3.80801566E-06
    0.00000000000000     0.00000000000000     0.00000000000000      -9.54843019E-14 -1.74782258E-04  2.79457869E-04
    0.00000000000000     0.00000000000000     0.00000000000000       2.57743035E-05  1.09091849E-05 -1.38975407E-04
    0.00000000000000     0.00000000000000     0.00000000000000      -2.40052591E-13 -1.12321537E-03  3.34668657E-04
    0.00000000000000     0.00000000000000     0.00000000000000      -1.19403995E-14  1.88311256E-04 -1.92369049E-04
    0.00000000000000     0.00000000000000     0.00000000000000      -1.38244821E-04  6.45540056E-05  1.87487303E-04
    0.00000000000000     0.00000000000000     0.00000000000000      -5.60848730E-14  2.73359740E-05 -1.42981137E-04
    0.00000000000000     0.00000000000000     0.00000000000000       2.05229799E-05  1.55266411E-05 -3.25502142E-05
    0.00000000000000     0.00000000000000     0.00000000000000       4.52723940E-14  2.03255688E-05 -5.92973433E-06
    0.00000000000000     0.00000000000000     0.00000000000000      -1.39523700E-04  6.55889353E-05 -1.39665774E-04
    0.00000000000000     0.00000000000000     0.00000000000000      -1.61798247E-13  5.30274646E-05  2.70922493E-04
    0.00000000000000     0.00000000000000     0.00000000000000      -4.09280742E-04 -4.08011720E-04 -1.72200689E-04
    0.00000000000000     0.00000000000000     0.00000000000000      -6.00896503E-04 -8.52332196E-04  9.54102042E-05
   -0.00000000000000     0.00000000000000     0.00000000000000       1.09680542E-14 -4.24592909E-05 -1.28940885E-06
    0.00000000000000     0.00000000000000     0.00000000000000      -6.37446575E-05 -7.93684360E-05  7.61700073E-05
   -0.00000000000000     0.00000000000000     0.00000000000000      -2.39585865E-14  2.00725762E-05 -5.07833452E-08
    0.00000000000000     0.00000000000000     0.00000000000000      -3.84337145E-05 -4.58879224E-05  3.80801561E-06
   -0.00000000000000     0.00000000000000     0.00000000000000       1.03457533E-14 -4.42309258E-05  1.48980591E-06
    0.00000000000000     0.00000000000000     0.00000000000000      -2.57743034E-05  1.09091849E-05 -1.38975407E-04
   -0.00000000000000     0.00000000000000     0.00000000000000      -7.36648748E-14 -1.40744065E-04 -2.02471077E-06
# Filename: xfset/XFSET.zno_mlff04, Snapshot: 1
    0.00000000000000     0.00000000000000     0.01889726124993      -5.90369132E-13 -4.05467962E-13 -4.52081277E-03
    0.00000000000000     0.00000000000000     0.00000000000000       2.48250531E-04 -1.43327511E-04  5.18719515E-04
    0.00000000000000     0.00000000000000     0.00000000000000      -1.74905460E-13 -3.74936322E-14  1.46864321E-03
    0.00000000000000     0.00000000000000     0.00000000000000       1.25133747E-04 -7.22460023E-05 -5.56852088E-04
    0.00000000000000     0.00000000000000     0.00000000000000       3.15039855E-14  4.68281464E-14  9.04415701E-04
    0.00000000000000     0.00000000000000     0.00000000000000      -3.25226874E-04  1.87769823E-04  5.10829050E-04
    0.00000000000000     0.00000000000000     0.00000000000000       7.57262467E-14  1.52074794E-13 -7.69264653E-04
    0.00000000000000     0.00000000000000     0.00000000000000      -4.18938066E-06  2.41874021E-06  9.66140663E-04
    0.00000000000000     0.00000000000000     0.00000000000000      -1.66696736E-04 -9.62424053E-05 -8.05003324E-04
    0.00000000000000     0.00000000000000     0.00000000000000       2.50242769E-13  2.86655022E-04  5.18719516E-04
    0.00000000000000     0.00000000000000     0.00000000000000       1.46224812E-04  8.44229345E-05  1.96118900E-04
    0.00000000000000     0.00000000000000     0.00000000000000       4.08384998E-14  1.44492005E-04 -5.56852088E-04
    0.00000000000000     0.00000000000000     0.00000000000000      -5.41592955E-06 -3.12688841E-06  2.63307114E-04
    0.00000000000000     0.00000000000000     0.00000000000000      -1.21193110E-13 -3.75539646E-04  5.10829050E-04
    0.00000000000000     0.00000000000000     0.00000000000000       1.13674390E-04  6.56299398E-05 -7.70658194E-05
    0.00000000000000     0.00000000000000     0.00000000000000      -2.36941086E-13 -4.83748043E-06  9.66140663E-04
    0.00000000000000     0.00000000000000     0.00000000000000       4.36388540E-14  1.92484811E-04 -8.05003324E-04
    0.00000000000000     0.00000000000000     0.00000000000000      -2.48250531E-04 -1.43327511E-04  5.18719516E-04
    0.00000000000000     0.00000000000000     0.00000000000000      -2.34296307E-13 -1.68845869E-04  1.96118900E-04
    0.00000000000000     0.00000000000000     0.00000000000000      -1.25133747E-04 -7.22460023E-05 -5.56852088E-04
    0.00000000000000     0.00000000000000     0.00000000000000       4.23942521E-14  6.25377679E-06  2.63307114E-04
    0.00000000000000     0.00000000000000     0.00000000000000       3.25226874E-04  1.87769824E-04  5.10829050E-04
    0.00000000000000     0.00000000000000     0.00000000000000       1.34417005E-13 -1.31259880E-04 -7.70658195E-05
    0.00000000000000     0.00000000000000     0.00000000000000       4.18938116E-06  2.41874077E-06  9.66140663E-04
    0.00000000000000     0.00000000000000     0.00000000000000       1.66696736E-04 -9.62424054E-05 -8.05003324E-04
   -0.00000000000000     0.00000000000000     0.00000000000000       2.82524631E-13 -3.21185077E-13  8.77695447E-05
    0.00000000000000     0.00000000000000     0.00000000000000      -1.46224812E-04  8.44229344E-05  1.96118900E-04
   -0.00000000000000     0.00000000000000     0.00000000000000      -7.57262467E-14  1.59581300E-13 -6.32290570E-04
    0.00000000000000     0.00000000000000     0.00000000000000       5.41592956E-06 -3.12688836E-06  2.63307114E-04
   -0.00000000000000     0.00000000000000     0.00000000000000      -1.21582048E-13  6.29690773E-14  9.28282080E-05
    0.00000000000000     0.00000000000000     0.00000000000000      -1.13674390E-04  6.56299399E-05 -7.70658195E-05
   -0.00000000000000     0.00000000000000     0.00000000000000       2.20916837E-14 -3.58989860E-14  3.20129292E-04
# Filename: xfset/XFSET.zno_mlff05, Snapshot: 1
    0.00000000000000     0.00000000000000    -0.01889726124994       5.34245365E-13  4.35766240E-13  4.45078095E-03
    0.00000000000000     0.00000000000000     0.00000000000000      -2.37852810E-04  1.37324384E-04 -5.05135288E-04
    0.00000000000000     0.00000000000000     0.00000000000000       1.75644443E-13  4.36388540E-14 -1.43426940E-03
    0.00000000000000     0.00000000000000     0.00000000000000      -1.28405588E-04  7.41350005E-05  5.45461852E-04
    0.00000000000000     0.00000000000000     0.00000000000000      -3.15428794E-14 -4.80338545E-14 -8.95099844E-04
    0.00000000000000     0.00000000000000     0.00000000000000       3.22019014E-04 -1.85917765E-04 -5.12729193E-04
    0.00000000000000     0.00000000000000     0.00000000000000      -7.93433710E-14 -1.44840546E-13  7.70852059E-04
    0.00000000000000     0.00000000000000     0.00000000000000       1.61209432E-05 -9.30743104E-06 -9.68227327E-04
    0.00000000000000     0.00000000000000     0.00000000000000       1.64581266E-04  9.50210384E-05  8.06609386E-04
    0.00000000000000     0.00000000000000     0.00000000000000      -2.40597104E-13 -2.74648768E-04 -5.05135288E-04
    0.00000000000000     0.00000000000000     0.00000000000000      -1.38246308E-04 -7.98165432E-05 -1.90869261E-04
    0.00000000000000     0.00000000000000     0.00000000000000      -4.15385883E-14 -1.48270001E-04  5.45461852E-04
    0.00000000000000     0.00000000000000     0.00000000000000       6.38390106E-06  3.68574702E-06 -2.59309197E-04
    0.00000000000000     0.00000000000000     0.00000000000000       1.21776517E-13  3.71835529E-04 -5.12729193E-04
    0.00000000000000     0.00000000000000     0.00000000000000      -1.18479157E-04 -6.84039730E-05  7.70814577E-05
    0.00000000000000     0.00000000000000     0.00000000000000       2.41024936E-13  1.86148621E-05 -9.68227327E-04
    0.00000000000000     0.00000000000000     0.00000000000000      -4.00217298E-14 -1.90042077E-04  8.06609386E-04
    0.00000000000000     0.00000000000000     0.00000000000000       2.37852810E-04  1.37324384E-04 -5.05135288E-04
    0.00000000000000     0.00000000000000     0.00000000000000       2.29395687E-13  1.59633086E-04 -1.90869261E-04
    0.00000000000000     0.00000000000000     0.00000000000000       1.28405588E-04  7.41350006E-05  5.45461852E-04
    0.00000000000000     0.00000000000000     0.00000000000000      -4.18108450E-14 -7.37149401E-06 -2.59309197E-04
    0.00000000000000     0.00000000000000     0.00000000000000      -3.22019014E-04 -1.85917765E-04 -5.12729193E-04
    0.00000000000000     0.00000000000000     0.00000000000000      -1.35350456E-13  1.36807946E-04  7.70814578E-05
    0.00000000000000     0.00000000000000     0.00000000000000      -1.61209436E-05 -9.30743158E-06 -9.68227326E-04
    0.00000000000000     0.00000000000000     0.00000000000000      -1.64581266E-04  9.50210385E-05  8.06609386E-04
   -0.00000000000000     0.00000000000000     0.00000000000000      -2.75990471E-13  3.09322465E-13 -8.67171225E-05
    0.00000000000000     0.00000000000000     0.00000000000000       1.38246308E-04 -7.98165431E-05 -1.90869261E-04
   -0.00000000000000     0.00000000000000     0.00000000000000       7.97323091E-14 -1.57869972E-13  6.37120753E-04
    0.00000000000000     0.00000000000000     0.00000000000000      -6.38390107E-06  3.68574698E-06 -2.59309197E-04
   -0.00000000000000     0.00000000000000     0.00000000000000       1.30177580E-13 -7.25758482E-14 -8.25244760E-05
    0.00000000000000     0.00000000000000     0.00000000000000       1.18479157E-04 -6.84039731E-05  7.70814578E-05
   -0.00000000000000     0.00000000000000     0.00000000000000      -1.85912409E-14  3.08427908E-14 -3.38790206E-04
# Filename: xfset/XFSET.zno_mlff06, Snapshot: 1
    0.00000000000000     0.00000000000000     0.00000000000000       1.17060581E-04 -1.40353898E-06  9.26676834E-06
    0.00000000000000     0.00000000000000     0.00000000000000       8.87675077E-04 -4.17391267E-04  1.35008724E-05
    0.01889726124994     0.00000000000000     0.00000000000000      -4.75640632E-03  2.44349667E-05 -1.46046708E-05
    0.00000000000000     0.00000000000000     0.00000000000000       1.52329944E-04 -8.01453540E-05  6.03949863E-04
    0.00000000000000     0.00000000000000     0.00000000000000       1.48706076E-04  3.26535936E-07 -1.47016708E-06
    0.00000000000000     0.00000000000000     0.00000000000000      -3.94856441E-05  2.00330503E-05 -1.26466905E-04
    0.00000000000000     0.00000000000000     0.00000000000000       9.00710142E-05 -4.51134420E-07  3.12110255E-07
    0.00000000000000     0.00000000000000     0.00000000000000       1.53220328E-04 -7.99596652E-05 -2.96348590E-04
    0.00000000000000     0.00000000000000     0.00000000000000       8.09546606E-06 -6.14056523E-05  1.46131605E-04
    0.00000000000000     0.00000000000000     0.00000000000000       1.75846218E-04 -3.25405643E-06 -2.34912095E-06
    0.00000000000000     0.00000000000000     0.00000000000000       2.66859756E-04 -8.13963789E-04  1.15119460E-04
    0.00000000000000     0.00000000000000     0.00000000000000       1.70147183E-05 -1.84537332E-06  2.43877184E-06
    0.00000000000000     0.00000000000000     0.00000000000000      -3.80110069E-05 -2.49549062E-05  1.12969581E-04
    0.00000000000000     0.00000000000000     0.00000000000000      -3.60422705E-06  8.27058183E-07  1.03397682E-06
    0.00000000000000     0.00000000000000     0.00000000000000       4.50725861E-05  1.40211669E-04 -6.60985737E-05
    0.00000000000000     0.00000000000000     0.00000000000000       1.69896988E-05 -9.01668295E-07 -2.93781736E-06
    0.00000000000000     0.00000000000000     0.00000000000000       1.16292904E-04 -1.57188875E-06  4.28411524E-06
    0.00000000000000     0.00000000000000     0.00000000000000       8.90020067E-04  4.06028598E-04 -6.56841189E-06
    0.00000000000000     0.00000000000000     0.00000000000000       1.66945723E-03  2.20396642E-06 -2.73822022E-06
    0.00000000000000     0.00000000000000     0.00000000000000       1.57763661E-04  7.92581883E-05 -5.90087468E-04
    0.00000000000000     0.00000000000000     0.00000000000000       4.43742700E-06 -1.04983678E-06 -2.49454940E-06
    0.00000000000000     0.00000000000000     0.00000000000000      -3.92572588E-05 -2.12773540E-05  1.27202038E-04
    0.00000000000000     0.00000000000000     0.00000000000000      -1.96654185E-04 -1.05158239E-08  1.12212012E-06
    0.00000000000000     0.00000000000000     0.00000000000000       1.56886195E-04  7.94742778E-05  2.86955567E-04
    0.00000000000000     0.00000000000000     0.00000000000000       6.99918143E-06  6.42169020E-05 -1.38427333E-04
   -0.00000000000000     0.00000000000000     0.00000000000000       1.38988260E-04  1.04145026E-06  8.66728054E-07
    0.00000000000000     0.00000000000000     0.00000000000000       2.65580527E-04  8.06424297E-04 -1.21548856E-04
   -0.00000000000000     0.00000000000000     0.00000000000000      -1.98758842E-04 -6.51529217E-07  1.15078767E-06
    0.00000000000000     0.00000000000000     0.00000000000000      -4.07008702E-05  2.56151051E-05 -1.19112768E-04
   -0.00000000000000     0.00000000000000     0.00000000000000      -1.97359559E-05  4.61194191E-07 -3.24605589E-07
    0.00000000000000     0.00000000000000     0.00000000000000       4.59745990E-05 -1.39438542E-04  6.64199579E-05
   -0.00000000000000     0.00000000000000     0.00000000000000      -1.98727200E-04 -8.81187838E-07 -1.14626543E-06
# Filename: xfset/XFSET.zno_mlff07, Snapshot: 1
    0.00000000000000     0.00000000000000     0.00000000000000      -7.03200072E-14  1.18463907E-04  9.29298129E-06
    0.00000000000000     0.00000000000000     0.00000000000000      -4.10372103E-04  4.19099738E-04 -6.15171614E-06
    0.00000000000000     0.01889726124994     0.00000000000000      -1.23841778E-12 -4.78084174E-03 -1.45631315E-05
    0.00000000000000     0.00000000000000     0.00000000000000      -8.05053034E-05  6.55014938E-05 -3.40822264E-04
    0.00000000000000     0.00000000000000     0.00000000000000      -2.78090737E-14  1.48379688E-04 -1.50487046E-06
    0.00000000000000     0.00000000000000     0.00000000000000       2.14859822E-05 -1.53182238E-05  7.40379503E-05
    0.00000000000000     0.00000000000000     0.00000000000000      -6.96199187E-14  9.05222327E-05  3.56020639E-07
    0.00000000000000     0.00000000000000     0.00000000000000      -8.00928021E-05  6.45289732E-05  1.64798594E-04
    0.00000000000000     0.00000000000000     0.00000000000000      -6.11045061E-05  7.99405131E-05  8.63407945E-05
    0.00000000000000     0.00000000000000     0.00000000000000       6.55671837E-13  1.12995967E-03  1.70441323E-05
    0.00000000000000     0.00000000000000     0.00000000000000      -8.13536586E-04  1.20392036E-03  6.54659446E-05
    0.00000000000000     0.00000000000000     0.00000000000000       1.29166341E-13  1.98837902E-04  6.97736416E-04
    0.00000000000000     0.00000000000000     0.00000000000000      -2.44969151E-05 -9.25905832E-06  6.42765822E-05
    0.00000000000000     0.00000000000000     0.00000000000000      -7.76320434E-14 -5.12935103E-05 -1.46312276E-04
    0.00000000000000     0.00000000000000     0.00000000000000       1.40048536E-04 -1.16446311E-04 -3.74177142E-05
    0.00000000000000     0.00000000000000     0.00000000000000       5.90796963E-14  1.99425575E-04 -3.42116620E-04
    0.00000000000000     0.00000000000000     0.00000000000000       9.49008947E-15 -2.97329080E-05 -1.60526453E-04
    0.00000000000000     0.00000000000000     0.00000000000000       4.10372103E-04  4.19099738E-04 -6.15171669E-06
    0.00000000000000     0.00000000000000     0.00000000000000       7.97323091E-14 -2.00608053E-04 -1.39971624E-04
    0.00000000000000     0.00000000000000     0.00000000000000       8.05053034E-05  6.55014937E-05 -3.40822264E-04
    0.00000000000000     0.00000000000000     0.00000000000000       3.73380569E-15 -5.53668119E-05 -1.37289910E-04
    0.00000000000000     0.00000000000000     0.00000000000000      -2.14859822E-05 -1.53182238E-05  7.40379503E-05
    0.00000000000000     0.00000000000000     0.00000000000000      -5.55792535E-14  1.26522935E-04  7.63856078E-05
    0.00000000000000     0.00000000000000     0.00000000000000       8.00928022E-05  6.45289730E-05  1.64798594E-04
    0.00000000000000     0.00000000000000     0.00000000000000       6.11045062E-05  7.99405131E-05  8.63407944E-05
   -0.00000000000000     0.00000000000000     0.00000000000000       7.98489905E-14  1.37947055E-04  8.39016638E-07
    0.00000000000000     0.00000000000000     0.00000000000000       8.13536586E-04  1.20392036E-03  6.54659447E-05
   -0.00000000000000     0.00000000000000     0.00000000000000       1.78522585E-14 -1.98107495E-04  1.16315446E-06
    0.00000000000000     0.00000000000000     0.00000000000000       2.44969151E-05 -9.25905829E-06  6.42765823E-05
   -0.00000000000000     0.00000000000000     0.00000000000000       2.59032770E-14 -2.01971695E-05 -3.25060015E-07
    0.00000000000000     0.00000000000000     0.00000000000000      -1.40048536E-04 -1.16446311E-04 -3.74177143E-05
   -0.00000000000000     0.00000000000000     0.00000000000000       1.73077451E-14 -1.97846251E-04 -1.26372667E-06
# Filename: xfset/XFSET.zno_mlff08, Snapshot: 1
    0.00000000000000     0.00000000000000     0.00000000000000       7.59985034E-14 -1.15657262E-04  9.24055584E-06
    0.00000000000000     0.00000000000000     0.00000000000000       4.13175190E-04 -4.08000501E-04  5.33037840E-06
    0.00000000000000    -0.01889726124994     0.00000000000000       1.21430362E-12  4.73197100E-03 -1.46462117E-05
    0.00000000000000     0.00000000000000     0.00000000000000       7.88866382E-05 -6.05426344E-05  3.48695043E-04
    0.00000000000000     0.00000000000000     0.00000000000000       3.04927465E-14 -1.49032474E-04 -1.43546387E-06
    0.00000000000000     0.00000000000000     0.00000000000000      -1.98125681E-05  1.57282028E-05 -7.24142258E-05
    0.00000000000000     0.00000000000000     0.00000000000000       7.16035029E-14 -8.96197984E-05  2.68200167E-07
    0.00000000000000     0.00000000000000     0.00000000000000       7.93320251E-05 -6.14875358E-05 -1.71846496E-04
    0.00000000000000     0.00000000000000     0.00000000000000       6.45427941E-05 -8.01339458E-05 -7.80605512E-05
    0.00000000000000     0.00000000000000     0.00000000000000      -6.37741791E-13 -1.12292261E-03 -6.23477713E-06
    0.00000000000000     0.00000000000000     0.00000000000000       8.06639214E-04 -1.19962532E-03 -7.12598218E-05
    0.00000000000000     0.00000000000000     0.00000000000000      -1.30022005E-13 -2.03290487E-04 -6.80879641E-04
    0.00000000000000     0.00000000000000     0.00000000000000       2.60904264E-05  1.10716793E-05 -6.96502146E-05
    0.00000000000000     0.00000000000000     0.00000000000000       7.74764681E-14  5.13078962E-05  1.46603047E-04
    0.00000000000000     0.00000000000000     0.00000000000000      -1.39589905E-04  1.15417005E-04  3.90207790E-05
    0.00000000000000     0.00000000000000     0.00000000000000      -6.11021744E-14 -2.02733851E-04  3.31550742E-04
    0.00000000000000     0.00000000000000     0.00000000000000      -1.31072137E-14  2.76409164E-05  1.67942742E-04
    0.00000000000000     0.00000000000000     0.00000000000000      -4.13175190E-04 -4.08000501E-04  5.33037895E-06
    0.00000000000000     0.00000000000000     0.00000000000000      -6.95421310E-14  2.02688230E-04  1.33224146E-04
    0.00000000000000     0.00000000000000     0.00000000000000      -7.88866382E-05 -6.05426343E-05  3.48695043E-04
    0.00000000000000     0.00000000000000     0.00000000000000      -5.17287664E-15  5.25206221E-05  1.30761702E-04
    0.00000000000000     0.00000000000000     0.00000000000000       1.98125680E-05  1.57282027E-05 -7.24142258E-05
    0.00000000000000     0.00000000000000     0.00000000000000       5.52681030E-14 -1.25989695E-04 -7.67047283E-05
    0.00000000000000     0.00000000000000     0.00000000000000      -7.93320252E-05 -6.14875357E-05 -1.71846496E-04
    0.00000000000000     0.00000000000000     0.00000000000000      -6.45427941E-05 -8.01339459E-05 -7.80605511E-05
   -0.00000000000000     0.00000000000000     0.00000000000000      -7.54539901E-14 -1.40029460E-04  8.94439484E-07
    0.00000000000000     0.00000000000000     0.00000000000000      -8.06639214E-04 -1.19962532E-03 -7.12598218E-05
   -0.00000000000000     0.00000000000000     0.00000000000000      -1.71132761E-14  1.99410185E-04  1.13842081E-06
    0.00000000000000     0.00000000000000     0.00000000000000      -2.60904265E-05  1.10716793E-05 -6.96502147E-05
   -0.00000000000000     0.00000000000000     0.00000000000000      -2.46197813E-14  1.92747417E-05 -3.24151366E-07
    0.00000000000000     0.00000000000000     0.00000000000000       1.39589905E-04  1.15417005E-04  3.90207791E-05
   -0.00000000000000     0.00000000000000     0.00000000000000      -1.76577894E-14  1.99608144E-04 -1.02880433E-06
# Filename: xfset/XFSET.zno_mlff09, Snapshot: 1
    0.00000000000000     0.00000000000000     0.00000000000000       2.01625507E-13  4.93173502E-14  1.44261695E-03
    0.00000000000000     0.00000000000000     0.00000000000000       3.01591593E-04 -1.74123988E-04  9.61600321E-04
    0.00000000000000     0.00000000000000     0.01889726124994       4.46928763E-13  8.93079649E-13 -4.79378775E-03
    0.00000000000000     0.00000000000000     0.00000000000000       2.91444521E-04 -1.68265573E-04  5.87658730E-04
    0.00000000000000     0.00000000000000     0.00000000000000       7.40927067E-14  6.59250068E-14 -7.74549951E-04
    0.00000000000000     0.00000000000000     0.00000000000000       5.83165293E-05 -3.36690639E-05 -5.45392238E-04
    0.00000000000000     0.00000000000000     0.00000000000000      -1.24615765E-13 -4.94340316E-14  1.37378873E-03
    0.00000000000000     0.00000000000000     0.00000000000000      -5.94163048E-04  3.43040196E-04  5.90766829E-04
    0.00000000000000     0.00000000000000     0.00000000000000      -1.25958572E-04 -7.27222153E-05  1.96984628E-04
    0.00000000000000     0.00000000000000     0.00000000000000       2.59188345E-13  3.48247976E-04  9.61600321E-04
    0.00000000000000     0.00000000000000     0.00000000000000       1.18832690E-04  6.86080858E-05 -1.03643630E-03
    0.00000000000000     0.00000000000000     0.00000000000000      -2.20916837E-13  3.36531146E-04  5.87658730E-04
    0.00000000000000     0.00000000000000     0.00000000000000       2.38449697E-04  1.37668997E-04 -7.38358960E-05
    0.00000000000000     0.00000000000000     0.00000000000000       1.49702272E-13  6.73381277E-05 -5.45392239E-04
    0.00000000000000     0.00000000000000     0.00000000000000      -6.78261312E-05 -3.91594349E-05  3.11541812E-04
    0.00000000000000     0.00000000000000     0.00000000000000       2.18583208E-14 -6.86080392E-04  5.90766829E-04
    0.00000000000000     0.00000000000000     0.00000000000000      -1.08552622E-13  1.45444431E-04  1.96984628E-04
    0.00000000000000     0.00000000000000     0.00000000000000      -3.01591594E-04 -1.74123989E-04  9.61600321E-04
    0.00000000000000     0.00000000000000     0.00000000000000      -1.36128333E-15 -1.37216172E-04 -1.03643630E-03
    0.00000000000000     0.00000000000000     0.00000000000000      -2.91444522E-04 -1.68265573E-04  5.87658730E-04
    0.00000000000000     0.00000000000000     0.00000000000000       2.19322191E-13 -2.75337994E-04 -7.38358961E-05
    0.00000000000000     0.00000000000000     0.00000000000000      -5.83165290E-05 -3.36690640E-05 -5.45392238E-04
    0.00000000000000     0.00000000000000     0.00000000000000      -1.56586476E-13  7.83188700E-05  3.11541813E-04
    0.00000000000000     0.00000000000000     0.00000000000000       5.94163048E-04  3.43040196E-04  5.90766829E-04
    0.00000000000000     0.00000000000000     0.00000000000000       1.25958572E-04 -7.27222152E-05  1.96984628E-04
   -0.00000000000000     0.00000000000000     0.00000000000000      -4.93951378E-14 -1.06257887E-13  3.27418565E-04
    0.00000000000000     0.00000000000000     0.00000000000000      -1.18832691E-04  6.86080859E-05 -1.03643630E-03
   -0.00000000000000     0.00000000000000     0.00000000000000      -1.18276074E-13 -3.34136716E-13  4.33196205E-05
    0.00000000000000     0.00000000000000     0.00000000000000      -2.38449697E-04  1.37668997E-04 -7.38358961E-05
   -0.00000000000000     0.00000000000000     0.00000000000000       7.80987691E-14 -6.86864672E-14 -6.38669440E-04
    0.00000000000000     0.00000000000000     0.00000000000000       6.78261310E-05 -3.91594350E-05  3.11541813E-04
   -0.00000000000000     0.00000000000000     0.00000000000000       3.11150474E-16  1.69071389E-13  4.11996279E-05
# Filename: xfset/XFSET.zno_mlff10, Snapshot: 1
    0.00000000000000     0.00000000000000     0.00000000000000      -2.02520065E-13 -5.69016430E-14 -1.46071648E-03
    0.00000000000000     0.00000000000000     0.00000000000000      -2.93140426E-04  1.69244704E-04 -9.72405045E-04
    0.00000000000000     0.00000000000000    -0.01889726124994      -4.67503588E-13 -8.85378675E-13  4.84415844E-03
    0.00000000000000     0.00000000000000     0.00000000000000      -2.91966682E-04  1.68567042E-04 -5.97845367E-04
    0.00000000000000     0.00000000000000     0.00000000000000      -7.53762024E-14 -6.44081482E-14  7.64894851E-04
    0.00000000000000     0.00000000000000     0.00000000000000      -5.74526804E-05  3.31703206E-05  5.56688349E-04
    0.00000000000000     0.00000000000000     0.00000000000000       1.25938155E-13  4.70615093E-14 -1.36994600E-03
    0.00000000000000     0.00000000000000     0.00000000000000       5.99772824E-04 -3.46279001E-04 -5.94634836E-04
    0.00000000000000     0.00000000000000     0.00000000000000       1.27423876E-04  7.35682092E-05 -1.89984454E-04
    0.00000000000000     0.00000000000000     0.00000000000000      -2.56115734E-13 -3.38489408E-04 -9.72405044E-04
    0.00000000000000     0.00000000000000     0.00000000000000      -1.17763540E-04 -6.79908113E-05  1.03295396E-03
    0.00000000000000     0.00000000000000     0.00000000000000       2.25817457E-13 -3.37134085E-04 -5.97845367E-04
    0.00000000000000     0.00000000000000     0.00000000000000      -2.37955311E-04 -1.37383563E-04  7.98965286E-05
    0.00000000000000     0.00000000000000     0.00000000000000      -1.50441254E-13 -6.63406409E-05  5.56688349E-04
    0.00000000000000     0.00000000000000     0.00000000000000       6.47358211E-05  3.73752436E-05 -3.12732648E-04
    0.00000000000000     0.00000000000000     0.00000000000000      -1.71132761E-14  6.92558003E-04 -5.94634836E-04
    0.00000000000000     0.00000000000000     0.00000000000000       1.01473948E-13 -1.47136419E-04 -1.89984454E-04
    0.00000000000000     0.00000000000000     0.00000000000000       2.93140426E-04  1.69244705E-04 -9.72405044E-04
    0.00000000000000     0.00000000000000     0.00000000000000       5.52292092E-15  1.35981623E-04  1.03295396E-03
    0.00000000000000     0.00000000000000     0.00000000000000       2.91966682E-04  1.68567042E-04 -5.97845367E-04
    0.00000000000000     0.00000000000000     0.00000000000000      -2.29162324E-13  2.74767126E-04  7.98965287E-05
    0.00000000000000     0.00000000000000     0.00000000000000       5.74526801E-05  3.31703206E-05  5.56688349E-04
    0.00000000000000     0.00000000000000     0.00000000000000       1.59503512E-13 -7.47504873E-05 -3.12732648E-04
    0.00000000000000     0.00000000000000     0.00000000000000      -5.99772824E-04 -3.46279001E-04 -5.94634836E-04
    0.00000000000000     0.00000000000000     0.00000000000000      -1.27423876E-04  7.35682092E-05 -1.89984455E-04
   -0.00000000000000     0.00000000000000     0.00000000000000       5.71738997E-14  9.37340804E-14 -3.31355066E-04
    0.00000000000000     0.00000000000000     0.00000000000000       1.17763540E-04 -6.79908114E-05  1.03295396E-03
   -0.00000000000000     0.00000000000000     0.00000000000000       1.27066075E-13  3.41798796E-13 -4.09093120E-05
    0.00000000000000     0.00000000000000     0.00000000000000       2.37955310E-04 -1.37383563E-04  7.98965287E-05
   -0.00000000000000     0.00000000000000     0.00000000000000      -7.71264239E-14  7.22646977E-14  6.30756636E-04
    0.00000000000000     0.00000000000000     0.00000000000000      -6.47358209E-05  3.73752437E-05 -3.12732648E-04
   -0.00000000000000     0.00000000000000     0.00000000000000       1.32238952E-15 -1.51102449E-13 -4.26925238E-05

