# Filename: disp01.pw.out, Snapshot: 1, E_pot (eV): -39362.57776344948
      0.0188974       0.0000004      -0.0000000      -3.82153000E-03 -6.04700000E-05  8.80500000E-05
     -0.0000001      -0.0000004      -0.0000002       3.60200000E-05 -1.12200000E-05  4.82790000E-04
      0.0000001       0.0000004       0.0000001       1.54910000E-04 -1.83000000E-06 -5.29500000E-05
     -0.0000001      -0.0000004      -0.0000000       1.22234000E-03 -6.94060000E-04  4.31610000E-04
      0.0000001       0.0000004       0.0000003       1.16700000E-05  1.19000000E-06  4.49500000E-05
     -0.0000001      -0.0000004       0.0000001       3.53500000E-05 -1.35000000E-05 -1.43340000E-04
      0.0000001       0.0000004       0.0000004       1.05720000E-04  3.40000000E-07 -4.63100000E-05
     -0.0000001      -0.0000004       0.0000003       5.06000000E-06 -1.53300000E-05 -6.03900000E-05
      0.0000001       0.0000003      -0.0000000       6.35300000E-05 -5.49880000E-04 -5.80700000E-05
     -0.0000001      -0.0000004      -0.0000002       1.30800000E-05 -2.03000000E-06  4.95500000E-05
      0.0000001       0.0000003       0.0000001      -3.59000000E-06  6.56100000E-05  2.75100000E-05
     -0.0000001      -0.0000004      -0.0000000       1.19600000E-05  6.94000000E-06 -4.34600000E-05
      0.0000001       0.0000003       0.0000003       4.50000000E-07  5.90000000E-06  7.10000000E-05
     -0.0000001      -0.0000004       0.0000001       1.13700000E-05 -6.10000000E-07  4.15400000E-05
      0.0000001       0.0000003       0.0000004       5.16000000E-06  6.61600000E-05 -1.30570000E-04
     -0.0000001      -0.0000004       0.0000003      -2.12300000E-05 -7.00000000E-08 -4.64800000E-05
      0.0000001       0.0000004      -0.0000000       1.01782000E-03  3.30000000E-07  5.10000000E-05
     -0.0000001      -0.0000004      -0.0000002       3.62700000E-05  1.53000000E-05 -3.83930000E-04
      0.0000001       0.0000004       0.0000001      -1.17010000E-04 -2.90000000E-07 -4.72900000E-05
     -0.0000001      -0.0000004      -0.0000000       1.29606000E-03  7.46760000E-04 -5.60530000E-04
      0.0000001       0.0000004       0.0000003      -1.06500000E-05  1.06000000E-06  4.33900000E-05
     -0.0000001      -0.0000004       0.0000001       3.67200000E-05  1.21300000E-05  2.31550000E-04
      0.0000001       0.0000004       0.0000004      -1.09450000E-04 -2.00000000E-07 -4.59900000E-05
     -0.0000001      -0.0000004       0.0000003       5.25000000E-06  1.50500000E-05 -3.31300000E-05
      0.0000001       0.0000003      -0.0000000       6.43700000E-05  5.51890000E-04  1.57840000E-04
     -0.0000001      -0.0000004      -0.0000002      -3.21700000E-05 -1.87000000E-06  4.66100000E-05
      0.0000001       0.0000003       0.0000001      -4.00000000E-06 -6.57200000E-05 -1.21320000E-04
     -0.0000001      -0.0000004      -0.0000000      -8.39000000E-06  5.30000000E-07 -4.67600000E-05
      0.0000001       0.0000003       0.0000003       1.92000000E-06 -7.21000000E-06  1.91600000E-05
     -0.0000001      -0.0000004       0.0000001      -3.12700000E-05  1.04000000E-06  4.30800000E-05
      0.0000001       0.0000003       0.0000004       4.65000000E-06 -6.59300000E-05  3.75900000E-05
     -0.0000001      -0.0000004       0.0000003       1.96200000E-05 -2.00000000E-08 -4.66900000E-05
# Filename: disp02.pw.out, Snapshot: 1, E_pot (eV): -39362.5777687557
      0.0000001       0.0188977      -0.0000000       0.00000000E+00 -3.73359000E-03  9.21800000E-05
     -0.0000001      -0.0000004      -0.0000002      -1.17200000E-05  9.47000000E-06 -2.04930000E-04
      0.0000001       0.0000004       0.0000001       0.00000000E+00  1.54560000E-04 -5.60000000E-05
     -0.0000001      -0.0000004      -0.0000000      -7.32110000E-04  4.28510000E-04 -3.39660000E-04
      0.0000001       0.0000004       0.0000003       0.00000000E+00  5.96000000E-06  5.36500000E-05
     -0.0000001      -0.0000004       0.0000001      -1.56300000E-05  2.36600000E-05  1.52120000E-04
      0.0000001       0.0000004       0.0000004       0.00000000E+00  1.05930000E-04 -4.81600000E-05
     -0.0000001      -0.0000004       0.0000003      -1.55400000E-05 -1.21600000E-05 -4.06200000E-05
      0.0000001       0.0000003      -0.0000000      -5.40970000E-04  6.79350000E-04 -2.45000000E-06
     -0.0000001      -0.0000004      -0.0000002       0.00000000E+00  5.22800000E-05  5.28460000E-04
      0.0000001       0.0000003       0.0000001       6.46400000E-05 -7.77600000E-05 -7.55000000E-06
     -0.0000001      -0.0000004      -0.0000000       0.00000000E+00  1.61313000E-03  4.99240000E-04
      0.0000001       0.0000003       0.0000003       7.33000000E-06 -5.10000000E-07  5.63000000E-05
     -0.0000001      -0.0000004       0.0000001       0.00000000E+00  3.84900000E-05 -1.51540000E-04
      0.0000001       0.0000003       0.0000004       6.59500000E-05 -7.21300000E-05 -9.58000000E-05
     -0.0000001      -0.0000004       0.0000003       0.00000000E+00  1.41800000E-05 -6.43500000E-05
      0.0000001       0.0000004      -0.0000000       0.00000000E+00 -2.38880000E-04  1.82770000E-04
     -0.0000001      -0.0000004      -0.0000002       1.17200000E-05  9.47000000E-06 -2.04930000E-04
      0.0000001       0.0000004       0.0000001       0.00000000E+00  3.39400000E-05 -1.35310000E-04
     -0.0000001      -0.0000004      -0.0000000       7.32110000E-04  4.28510000E-04 -3.39660000E-04
      0.0000001       0.0000004       0.0000003       0.00000000E+00 -3.39000000E-06  2.52300000E-05
     -0.0000001      -0.0000004       0.0000001       1.56300000E-05  2.36600000E-05  1.52120000E-04
      0.0000001       0.0000004       0.0000004       0.00000000E+00  4.44200000E-05  4.91000000E-05
     -0.0000001      -0.0000004       0.0000003       1.55400000E-05 -1.21600000E-05 -4.06200000E-05
      0.0000001       0.0000003      -0.0000000       5.40970000E-04  6.79350000E-04 -2.45000000E-06
     -0.0000001      -0.0000004      -0.0000002       0.00000000E+00 -2.22700000E-05  3.32700000E-05
      0.0000001       0.0000003       0.0000001      -6.46400000E-05 -7.77600000E-05 -7.55000000E-06
     -0.0000001      -0.0000004      -0.0000000       0.00000000E+00 -7.44000000E-06 -4.97000000E-05
      0.0000001       0.0000003       0.0000003      -7.33000000E-06 -5.10000000E-07  5.63000000E-05
     -0.0000001      -0.0000004       0.0000001       0.00000000E+00 -3.39500000E-05  5.49500000E-05
      0.0000001       0.0000003       0.0000004      -6.59500000E-05 -7.21300000E-05 -9.58000000E-05
     -0.0000001      -0.0000004       0.0000003       0.00000000E+00  1.98100000E-05 -4.86400000E-05
# Filename: disp03.pw.out, Snapshot: 1, E_pot (eV): -39362.577758279316
      0.0000001      -0.0188969      -0.0000000       0.00000000E+00  3.87969000E-03  8.86900000E-05
     -0.0000001      -0.0000004      -0.0000002       1.55100000E-05 -1.88700000E-05  2.98600000E-04
      0.0000001       0.0000004       0.0000001       0.00000000E+00 -1.53310000E-04 -5.53400000E-05
     -0.0000001      -0.0000004      -0.0000000       7.08820000E-04 -4.26070000E-04  2.33020000E-04
      0.0000001       0.0000004       0.0000003       0.00000000E+00 -9.81000000E-06  5.01800000E-05
     -0.0000001      -0.0000004       0.0000001       1.42400000E-05 -2.10900000E-05 -5.75000000E-05
      0.0000001       0.0000004       0.0000004       0.00000000E+00 -1.04970000E-04 -4.89700000E-05
     -0.0000001      -0.0000004       0.0000003       1.46800000E-05  1.27000000E-05 -5.74100000E-05
      0.0000001       0.0000003      -0.0000000       5.50380000E-04 -6.99660000E-04  1.10330000E-04
     -0.0000001      -0.0000004      -0.0000002       0.00000000E+00 -4.51900000E-05 -4.50800000E-04
      0.0000001       0.0000003       0.0000001      -6.54000000E-05  7.96400000E-05 -9.21700000E-05
     -0.0000001      -0.0000004      -0.0000000       0.00000000E+00 -1.73720000E-03 -6.46900000E-04
      0.0000001       0.0000003       0.0000003      -4.76000000E-06  5.46000000E-06  3.60100000E-05
     -0.0000001      -0.0000004       0.0000001       0.00000000E+00 -4.37000000E-05  2.63300000E-04
      0.0000001       0.0000003       0.0000004      -6.51200000E-05  7.13300000E-05 -2.70000000E-07
     -0.0000001      -0.0000004       0.0000003       0.00000000E+00 -1.38600000E-05 -3.43700000E-05
      0.0000001       0.0000004      -0.0000000       0.00000000E+00  2.54060000E-04 -7.63400000E-05
     -0.0000001      -0.0000004      -0.0000002      -1.55100000E-05 -1.88700000E-05  2.98600000E-04
      0.0000001       0.0000004       0.0000001       0.00000000E+00 -3.41600000E-05  3.70200000E-05
     -0.0000001      -0.0000004      -0.0000000      -7.08820000E-04 -4.26070000E-04  2.33020000E-04
      0.0000001       0.0000004       0.0000003       0.00000000E+00 -3.52000000E-06  7.71600000E-05
     -0.0000001      -0.0000004       0.0000001      -1.42400000E-05 -2.10900000E-05 -5.75000000E-05
      0.0000001       0.0000004       0.0000004       0.00000000E+00 -4.31400000E-05 -1.45610000E-04
     -0.0000001      -0.0000004       0.0000003      -1.46800000E-05  1.27000000E-05 -5.74100000E-05
      0.0000001       0.0000003      -0.0000000      -5.50380000E-04 -6.99660000E-04  1.10330000E-04
     -0.0000001      -0.0000004      -0.0000002       0.00000000E+00  2.81100000E-05  4.87200000E-05
      0.0000001       0.0000003       0.0000001       6.54000000E-05  7.96400000E-05 -9.21700000E-05
     -0.0000001      -0.0000004      -0.0000000       0.00000000E+00  8.47000000E-06 -4.86600000E-05
      0.0000001       0.0000003       0.0000003       4.76000000E-06  5.46000000E-06  3.60100000E-05
     -0.0000001      -0.0000004       0.0000001       0.00000000E+00  3.10200000E-05  4.96600000E-05
      0.0000001       0.0000003       0.0000004       6.51200000E-05  7.13300000E-05 -2.70000000E-07
     -0.0000001      -0.0000004       0.0000003       0.00000000E+00 -1.93700000E-05 -4.89400000E-05
# Filename: disp04.pw.out, Snapshot: 1, E_pot (eV): -39362.57777215712
      0.0000001       0.0000004       0.0188973       0.00000000E+00  0.00000000E+00 -3.82189000E-03
     -0.0000001      -0.0000004      -0.0000002       1.82760000E-04 -1.05520000E-04  3.36380000E-04
      0.0000001       0.0000004       0.0000001       0.00000000E+00  0.00000000E+00  1.93040000E-03
     -0.0000001      -0.0000004      -0.0000000       5.21280000E-04 -3.00960000E-04  3.61960000E-04
      0.0000001       0.0000004       0.0000003       0.00000000E+00  0.00000000E+00  3.46180000E-04
     -0.0000001      -0.0000004       0.0000001      -4.31050000E-04  2.48870000E-04  3.34900000E-04
      0.0000001       0.0000004       0.0000004       0.00000000E+00 -0.00000000E+00 -3.02020000E-04
     -0.0000001      -0.0000004       0.0000003       3.59300000E-05 -2.07400000E-05 -2.61870000E-04
      0.0000001       0.0000003      -0.0000000      -1.07820000E-04 -6.22500000E-05 -3.14250000E-04
     -0.0000001      -0.0000004      -0.0000002       0.00000000E+00  2.11040000E-04  3.36380000E-04
      0.0000001       0.0000003       0.0000001       4.37000000E-06  2.52000000E-06  9.50300000E-05
     -0.0000001      -0.0000004      -0.0000000      -0.00000000E+00  6.01920000E-04  3.61960000E-04
      0.0000001       0.0000003       0.0000003       2.42300000E-05  1.39900000E-05  1.99300000E-04
     -0.0000001      -0.0000004       0.0000001       0.00000000E+00 -4.97740000E-04  3.34900000E-04
      0.0000001       0.0000003       0.0000004       9.93000000E-06  5.74000000E-06 -1.74960000E-04
     -0.0000001      -0.0000004       0.0000003       0.00000000E+00  4.14900000E-05 -2.61870000E-04
      0.0000001       0.0000004      -0.0000000      -0.00000000E+00  1.24500000E-04 -3.14250000E-04
     -0.0000001      -0.0000004      -0.0000002      -1.82760000E-04 -1.05520000E-04  3.36380000E-04
      0.0000001       0.0000004       0.0000001       0.00000000E+00 -5.05000000E-06  9.50300000E-05
     -0.0000001      -0.0000004      -0.0000000      -5.21280000E-04 -3.00960000E-04  3.61960000E-04
      0.0000001       0.0000004       0.0000003       0.00000000E+00 -2.79800000E-05  1.99300000E-04
     -0.0000001      -0.0000004       0.0000001       4.31050000E-04  2.48870000E-04  3.34900000E-04
      0.0000001       0.0000004       0.0000004       0.00000000E+00 -1.14700000E-05 -1.74960000E-04
     -0.0000001      -0.0000004       0.0000003      -3.59300000E-05 -2.07400000E-05 -2.61870000E-04
      0.0000001       0.0000003      -0.0000000       1.07820000E-04 -6.22500000E-05 -3.14250000E-04
     -0.0000001      -0.0000004      -0.0000002       0.00000000E+00  0.00000000E+00  1.10610000E-04
      0.0000001       0.0000003       0.0000001      -4.37000000E-06  2.52000000E-06  9.50300000E-05
     -0.0000001      -0.0000004      -0.0000000       0.00000000E+00  0.00000000E+00  4.06700000E-05
      0.0000001       0.0000003       0.0000003      -2.42300000E-05  1.39900000E-05  1.99300000E-04
     -0.0000001      -0.0000004       0.0000001       0.00000000E+00  0.00000000E+00  1.05970000E-04
      0.0000001       0.0000003       0.0000004      -9.93000000E-06  5.74000000E-06 -1.74960000E-04
     -0.0000001      -0.0000004       0.0000003       0.00000000E+00  0.00000000E+00 -1.39360000E-04
# Filename: disp05.pw.out, Snapshot: 1, E_pot (eV): -39362.57776195285
      0.0000001       0.0000004      -0.0188973       0.00000000E+00  0.00000000E+00  3.76390000E-03
     -0.0000001      -0.0000004      -0.0000002      -1.83920000E-04  1.06190000E-04 -2.43200000E-04
      0.0000001       0.0000004       0.0000001       0.00000000E+00 -0.00000000E+00 -1.88181000E-03
     -0.0000001      -0.0000004      -0.0000000      -5.25710000E-04  3.03520000E-04 -4.56220000E-04
      0.0000001       0.0000004       0.0000003       0.00000000E+00  0.00000000E+00 -2.53680000E-04
     -0.0000001      -0.0000004       0.0000001       4.32400000E-04 -2.49650000E-04 -2.32330000E-04
      0.0000001       0.0000004       0.0000004       0.00000000E+00 -0.00000000E+00  2.05320000E-04
     -0.0000001      -0.0000004       0.0000003      -3.63600000E-05  2.09900000E-05  1.65360000E-04
      0.0000001       0.0000003      -0.0000000       1.10130000E-04  6.35800000E-05  4.14290000E-04
     -0.0000001      -0.0000004      -0.0000002       0.00000000E+00 -2.12370000E-04 -2.43200000E-04
      0.0000001       0.0000003       0.0000001      -5.03000000E-06 -2.90000000E-06 -1.92350000E-04
     -0.0000001      -0.0000004      -0.0000000       0.00000000E+00 -6.07030000E-04 -4.56220000E-04
      0.0000001       0.0000003       0.0000003      -2.25400000E-05 -1.30100000E-05 -1.06010000E-04
     -0.0000001      -0.0000004       0.0000001       0.00000000E+00  4.99290000E-04 -2.32330000E-04
      0.0000001       0.0000003       0.0000004      -1.00200000E-05 -5.78000000E-06  7.79700000E-05
     -0.0000001      -0.0000004       0.0000003       0.00000000E+00 -4.19800000E-05  1.65360000E-04
      0.0000001       0.0000004      -0.0000000       0.00000000E+00 -1.27160000E-04  4.14290000E-04
     -0.0000001      -0.0000004      -0.0000002       1.83920000E-04  1.06190000E-04 -2.43200000E-04
      0.0000001       0.0000004       0.0000001      -0.00000000E+00  5.81000000E-06 -1.92350000E-04
     -0.0000001      -0.0000004      -0.0000000       5.25710000E-04  3.03520000E-04 -4.56220000E-04
      0.0000001       0.0000004       0.0000003      -0.00000000E+00  2.60200000E-05 -1.06010000E-04
     -0.0000001      -0.0000004       0.0000001      -4.32400000E-04 -2.49650000E-04 -2.32330000E-04
      0.0000001       0.0000004       0.0000004       0.00000000E+00  1.15700000E-05  7.79700000E-05
     -0.0000001      -0.0000004       0.0000003       3.63600000E-05  2.09900000E-05  1.65360000E-04
      0.0000001       0.0000003      -0.0000000      -1.10130000E-04  6.35800000E-05  4.14290000E-04
     -0.0000001      -0.0000004      -0.0000002       0.00000000E+00  0.00000000E+00 -1.44900000E-05
      0.0000001       0.0000003       0.0000001       5.03000000E-06 -2.90000000E-06 -1.92350000E-04
     -0.0000001      -0.0000004      -0.0000000       0.00000000E+00 -0.00000000E+00 -1.39560000E-04
      0.0000001       0.0000003       0.0000003       2.25400000E-05 -1.30100000E-05 -1.06010000E-04
     -0.0000001      -0.0000004       0.0000001       0.00000000E+00  0.00000000E+00 -5.18000000E-06
      0.0000001       0.0000003       0.0000004       1.00200000E-05 -5.78000000E-06  7.79700000E-05
     -0.0000001      -0.0000004       0.0000003       0.00000000E+00  0.00000000E+00  4.29500000E-05
# Filename: disp06.pw.out, Snapshot: 1, E_pot (eV): -39362.57769827822
      0.0000001       0.0000004      -0.0000000       1.53590000E-04  1.00000000E-06  5.79500000E-05
     -0.0000001      -0.0000004      -0.0000002       3.99000000E-06 -1.55400000E-05  1.54400000E-05
      0.0188974       0.0000004       0.0000001      -4.32716000E-03 -6.42500000E-05 -9.29300000E-05
     -0.0000001      -0.0000004      -0.0000000       1.02630000E-04 -7.31600000E-05  9.81200000E-05
      0.0000001       0.0000004       0.0000003       1.05210000E-04 -2.70000000E-07  4.94900000E-05
     -0.0000001      -0.0000004       0.0000001       1.21946000E-03 -6.93680000E-04 -4.54550000E-04
      0.0000001       0.0000004       0.0000004      -2.39100000E-05 -3.00000000E-07 -5.01200000E-05
     -0.0000001      -0.0000004       0.0000003       1.02040000E-04 -7.26500000E-05 -2.90100000E-04
      0.0000001       0.0000003      -0.0000000      -4.58000000E-06  6.41900000E-05  5.54000000E-05
     -0.0000001      -0.0000004      -0.0000002      -2.24300000E-05  1.58000000E-06  4.86800000E-05
      0.0000001       0.0000003       0.0000001       2.24790000E-04 -4.25970000E-04 -5.70400000E-05
     -0.0000001      -0.0000004      -0.0000000      -2.36800000E-05  2.20000000E-07 -4.89900000E-05
      0.0000001       0.0000003       0.0000003       2.49000000E-06  6.64700000E-05  5.84400000E-05
     -0.0000001      -0.0000004       0.0000001       1.23700000E-05  5.89000000E-06  5.06300000E-05
      0.0000001       0.0000003       0.0000004      -3.62000000E-06 -2.14400000E-05 -5.88300000E-05
     -0.0000001      -0.0000004       0.0000003      -2.36000000E-05 -9.00000000E-08 -5.01000000E-05
      0.0000001       0.0000004      -0.0000000      -1.16550000E-04 -1.10000000E-07  5.27500000E-05
     -0.0000001      -0.0000004      -0.0000002       6.59000000E-06  1.30600000E-05  8.42700000E-05
      0.0000001       0.0000004       0.0000001       9.63610000E-04 -1.01000000E-06 -4.99900000E-05
     -0.0000001      -0.0000004      -0.0000000       1.02210000E-04  7.27700000E-05 -1.98360000E-04
      0.0000001       0.0000004       0.0000003      -1.09320000E-04  1.40000000E-07  5.04200000E-05
     -0.0000001      -0.0000004       0.0000001       1.30095000E-03  7.48310000E-04  5.91680000E-04
      0.0000001       0.0000004       0.0000004       3.36600000E-05 -1.20000000E-07 -4.98200000E-05
     -0.0000001      -0.0000004       0.0000003       1.02610000E-04  7.31800000E-05  1.91570000E-04
      0.0000001       0.0000003      -0.0000000      -1.86000000E-06 -6.44100000E-05  4.41300000E-05
     -0.0000001      -0.0000004      -0.0000002       1.91400000E-05  6.70000000E-07  4.76800000E-05
      0.0000001       0.0000003       0.0000001       2.26370000E-04  4.26030000E-04 -4.25300000E-05
     -0.0000001      -0.0000004      -0.0000000      -1.00900000E-05 -3.90000000E-07 -5.04200000E-05
      0.0000001       0.0000003       0.0000003       6.19000000E-06 -6.48300000E-05  3.91900000E-05
     -0.0000001      -0.0000004       0.0000001      -8.57000000E-06  4.36000000E-06  4.92800000E-05
      0.0000001       0.0000003       0.0000004      -2.56000000E-06  2.05000000E-05 -4.12100000E-05
     -0.0000001      -0.0000004       0.0000003      -9.99000000E-06 -1.40000000E-07 -5.01400000E-05
# Filename: disp07.pw.out, Snapshot: 1, E_pot (eV): -39362.57770385655
      0.0000001       0.0000004      -0.0000000       0.00000000E+00  1.50400000E-04  5.64900000E-05
     -0.0000001      -0.0000004      -0.0000002      -1.29000000E-05 -1.28800000E-05  7.09900000E-05
      0.0000001       0.0188977       0.0000001       0.00000000E+00 -4.26245000E-03 -9.35000000E-05
     -0.0000001      -0.0000004      -0.0000000      -7.27700000E-05  1.74900000E-05 -1.36190000E-04
      0.0000001       0.0000004       0.0000003       0.00000000E+00  9.92700000E-05  4.66000000E-05
     -0.0000001      -0.0000004       0.0000001      -7.29020000E-04  4.35690000E-04  3.61780000E-04
      0.0000001       0.0000004       0.0000004       0.00000000E+00 -2.32700000E-05 -5.09100000E-05
     -0.0000001      -0.0000004       0.0000003      -7.32600000E-05  1.76700000E-05  8.85400000E-05
      0.0000001       0.0000003      -0.0000000       6.27700000E-05 -7.54400000E-05  5.82100000E-05
     -0.0000001      -0.0000004      -0.0000002       0.00000000E+00  1.33600000E-05  7.76000000E-06
      0.0000001       0.0000003       0.0000001      -4.25480000E-04  7.16760000E-04 -5.57300000E-05
     -0.0000001      -0.0000004      -0.0000000       0.00000000E+00  1.44880000E-04  1.18770000E-04
      0.0000001       0.0000003       0.0000003       6.73500000E-05 -6.31800000E-05  4.99800000E-05
     -0.0000001      -0.0000004       0.0000001       0.00000000E+00  1.60643000E-03 -5.22670000E-04
      0.0000001       0.0000003       0.0000004      -2.09300000E-05  2.09600000E-05 -5.54400000E-05
     -0.0000001      -0.0000004       0.0000003       0.00000000E+00  1.44030000E-04 -3.28120000E-04
      0.0000001       0.0000004      -0.0000000       0.00000000E+00  3.46400000E-05  4.74700000E-05
     -0.0000001      -0.0000004      -0.0000002       1.29000000E-05 -1.28800000E-05  7.09900000E-05
      0.0000001       0.0000004       0.0000001       0.00000000E+00 -1.93900000E-05 -4.25900000E-05
     -0.0000001      -0.0000004      -0.0000000       7.27700000E-05  1.74900000E-05 -1.36190000E-04
      0.0000001       0.0000004       0.0000003       0.00000000E+00  3.39300000E-05  3.26100000E-05
     -0.0000001      -0.0000004       0.0000001       7.29020000E-04  4.35690000E-04  3.61780000E-04
      0.0000001       0.0000004       0.0000004       0.00000000E+00 -1.46600000E-05 -4.04700000E-05
     -0.0000001      -0.0000004       0.0000003       7.32600000E-05  1.76700000E-05  8.85400000E-05
      0.0000001       0.0000003      -0.0000000      -6.27700000E-05 -7.54400000E-05  5.82100000E-05
     -0.0000001      -0.0000004      -0.0000002       0.00000000E+00  1.55500000E-05  4.73600000E-05
      0.0000001       0.0000003       0.0000001       4.25480000E-04  7.16760000E-04 -5.57300000E-05
     -0.0000001      -0.0000004      -0.0000000       0.00000000E+00 -9.63000000E-06 -5.17000000E-05
      0.0000001       0.0000003       0.0000003      -6.73500000E-05 -6.31800000E-05  4.99800000E-05
     -0.0000001      -0.0000004       0.0000001       0.00000000E+00 -1.74300000E-05  5.89700000E-05
      0.0000001       0.0000003       0.0000004       2.09300000E-05  2.09600000E-05 -5.54400000E-05
     -0.0000001      -0.0000004       0.0000003       0.00000000E+00 -9.84000000E-06 -5.03600000E-05
# Filename: disp08.pw.out, Snapshot: 1, E_pot (eV): -39362.577692835934
      0.0000001       0.0000004      -0.0000000       0.00000000E+00 -1.54850000E-04  5.46900000E-05
     -0.0000001      -0.0000004      -0.0000002       1.52100000E-05  1.22800000E-05  2.70100000E-05
      0.0000001      -0.0188969       0.0000001       0.00000000E+00  4.39092000E-03 -9.13500000E-05
     -0.0000001      -0.0000004      -0.0000000       7.30100000E-05 -1.88100000E-05  3.74500000E-05
      0.0000001       0.0000004       0.0000003       0.00000000E+00 -1.05740000E-04  4.82300000E-05
     -0.0000001      -0.0000004       0.0000001       7.07600000E-04 -4.26530000E-04 -2.49620000E-04
      0.0000001       0.0000004       0.0000004       0.00000000E+00  2.37600000E-05 -4.82900000E-05
     -0.0000001      -0.0000004       0.0000003       7.26200000E-05 -1.87400000E-05 -1.87500000E-04
      0.0000001       0.0000003      -0.0000000      -6.53100000E-05  7.98000000E-05  4.63000000E-05
     -0.0000001      -0.0000004      -0.0000002       0.00000000E+00 -1.38900000E-05  8.99300000E-05
      0.0000001       0.0000003       0.0000001       4.26510000E-04 -7.17990000E-04 -4.42300000E-05
     -0.0000001      -0.0000004      -0.0000000       0.00000000E+00 -1.44200000E-04 -2.19820000E-04
      0.0000001       0.0000003       0.0000003      -6.60900000E-05  7.18200000E-05  4.27300000E-05
     -0.0000001      -0.0000004       0.0000001       0.00000000E+00 -1.73908000E-03  6.78160000E-04
      0.0000001       0.0000003       0.0000004       2.11200000E-05 -2.16900000E-05 -4.31900000E-05
     -0.0000001      -0.0000004       0.0000003       0.00000000E+00 -1.45180000E-04  2.31350000E-04
      0.0000001       0.0000004      -0.0000000       0.00000000E+00 -3.44200000E-05  5.38500000E-05
     -0.0000001      -0.0000004      -0.0000002      -1.52100000E-05  1.22800000E-05  2.70100000E-05
      0.0000001       0.0000004       0.0000001       0.00000000E+00  2.09400000E-05 -5.60700000E-05
     -0.0000001      -0.0000004      -0.0000000      -7.30100000E-05 -1.88100000E-05  3.74500000E-05
      0.0000001       0.0000004       0.0000003       0.00000000E+00 -4.30600000E-05  5.98400000E-05
     -0.0000001      -0.0000004       0.0000001      -7.07600000E-04 -4.26530000E-04 -2.49620000E-04
      0.0000001       0.0000004       0.0000004       0.00000000E+00  1.51100000E-05 -5.83500000E-05
     -0.0000001      -0.0000004       0.0000003      -7.26200000E-05 -1.87400000E-05 -1.87500000E-04
      0.0000001       0.0000003      -0.0000000       6.53100000E-05  7.98000000E-05  4.63000000E-05
     -0.0000001      -0.0000004      -0.0000002       0.00000000E+00 -1.97400000E-05  4.86400000E-05
      0.0000001       0.0000003       0.0000001      -4.26510000E-04 -7.17990000E-04 -4.42300000E-05
     -0.0000001      -0.0000004      -0.0000000       0.00000000E+00  1.04000000E-05 -4.84500000E-05
      0.0000001       0.0000003       0.0000003       6.60900000E-05  7.18200000E-05  4.27300000E-05
     -0.0000001      -0.0000004       0.0000001       0.00000000E+00  8.54000000E-06  4.78100000E-05
      0.0000001       0.0000003       0.0000004      -2.11200000E-05 -2.16900000E-05 -4.31900000E-05
     -0.0000001      -0.0000004       0.0000003       0.00000000E+00  1.01900000E-05 -4.80900000E-05
# Filename: disp09.pw.out, Snapshot: 1, E_pot (eV): -39362.577689842685
      0.0000001       0.0000004      -0.0000000       0.00000000E+00  0.00000000E+00  1.88876000E-03
     -0.0000001      -0.0000004      -0.0000002       1.64000000E-05 -9.47000000E-06 -1.81350000E-04
      0.0000001       0.0000004       0.0188974       0.00000000E+00  0.00000000E+00 -4.31455000E-03
     -0.0000001      -0.0000004      -0.0000000       2.39350000E-04 -1.38190000E-04  2.60370000E-04
      0.0000001       0.0000004       0.0000003       0.00000000E+00  0.00000000E+00 -2.06090000E-04
     -0.0000001      -0.0000004       0.0000001      -4.93850000E-04  2.85120000E-04  4.61850000E-04
      0.0000001       0.0000004       0.0000004       0.00000000E+00  0.00000000E+00  1.30080000E-04
     -0.0000001      -0.0000004       0.0000003      -1.49600000E-04  8.63700000E-05  2.63880000E-04
      0.0000001       0.0000003      -0.0000000       7.92500000E-05  4.57600000E-05  1.98680000E-04
     -0.0000001      -0.0000004      -0.0000002      -0.00000000E+00  1.89300000E-05 -1.81350000E-04
      0.0000001       0.0000003       0.0000001      -8.27000000E-06 -4.78000000E-06 -2.24970000E-04
     -0.0000001      -0.0000004      -0.0000000       0.00000000E+00  2.76380000E-04  2.60370000E-04
      0.0000001       0.0000003       0.0000003      -7.92900000E-05 -4.57800000E-05 -7.80900000E-05
     -0.0000001      -0.0000004       0.0000001       0.00000000E+00 -5.70250000E-04  4.61850000E-04
      0.0000001       0.0000003       0.0000004      -8.99000000E-06 -5.19000000E-06  1.32130000E-04
     -0.0000001      -0.0000004       0.0000003       0.00000000E+00 -1.72740000E-04  2.63880000E-04
      0.0000001       0.0000004      -0.0000000      -0.00000000E+00 -9.15100000E-05  1.98680000E-04
     -0.0000001      -0.0000004      -0.0000002      -1.64000000E-05 -9.47000000E-06 -1.81350000E-04
      0.0000001       0.0000004       0.0000001       0.00000000E+00  9.55000000E-06 -2.24970000E-04
     -0.0000001      -0.0000004      -0.0000000      -2.39350000E-04 -1.38190000E-04  2.60370000E-04
      0.0000001       0.0000004       0.0000003      -0.00000000E+00  9.15600000E-05 -7.80900000E-05
     -0.0000001      -0.0000004       0.0000001       4.93850000E-04  2.85120000E-04  4.61850000E-04
      0.0000001       0.0000004       0.0000004      -0.00000000E+00  1.03900000E-05  1.32130000E-04
     -0.0000001      -0.0000004       0.0000003       1.49600000E-04  8.63700000E-05  2.63880000E-04
      0.0000001       0.0000003      -0.0000000      -7.92500000E-05  4.57600000E-05  1.98680000E-04
     -0.0000001      -0.0000004      -0.0000002       0.00000000E+00  0.00000000E+00 -5.61100000E-05
      0.0000001       0.0000003       0.0000001       8.27000000E-06 -4.78000000E-06 -2.24970000E-04
     -0.0000001      -0.0000004      -0.0000000       0.00000000E+00  0.00000000E+00 -4.56900000E-05
      0.0000001       0.0000003       0.0000003       7.92900000E-05 -4.57800000E-05 -7.80900000E-05
     -0.0000001      -0.0000004       0.0000001       0.00000000E+00  0.00000000E+00  1.50780000E-04
      0.0000001       0.0000003       0.0000004       8.99000000E-06 -5.19000000E-06  1.32130000E-04
     -0.0000001      -0.0000004       0.0000003       0.00000000E+00  0.00000000E+00 -4.46900000E-05
# Filename: disp10.pw.out, Snapshot: 1, E_pot (eV): -39362.57770045512
      0.0000001       0.0000004      -0.0000000       0.00000000E+00  0.00000000E+00 -1.92373000E-03
     -0.0000001      -0.0000004      -0.0000002      -1.69400000E-05  9.78000000E-06  2.66100000E-04
      0.0000001       0.0000004      -0.0188972       0.00000000E+00  0.00000000E+00  4.38912000E-03
     -0.0000001      -0.0000004      -0.0000000      -2.42900000E-04  1.40240000E-04 -3.62250000E-04
      0.0000001       0.0000004       0.0000003       0.00000000E+00  0.00000000E+00  2.76390000E-04
     -0.0000001      -0.0000004       0.0000001       4.99830000E-04 -2.88570000E-04 -3.53250000E-04
      0.0000001       0.0000004       0.0000004       0.00000000E+00  0.00000000E+00 -2.24840000E-04
     -0.0000001      -0.0000004       0.0000003       1.47250000E-04 -8.50200000E-05 -3.59770000E-04
      0.0000001       0.0000003      -0.0000000      -7.36200000E-05 -4.25100000E-05 -9.06000000E-05
     -0.0000001      -0.0000004      -0.0000002      -0.00000000E+00 -1.95600000E-05  2.66100000E-04
      0.0000001       0.0000003       0.0000001       6.83000000E-06  3.95000000E-06  1.25600000E-04
     -0.0000001      -0.0000004      -0.0000000      -0.00000000E+00 -2.80470000E-04 -3.62250000E-04
      0.0000001       0.0000003       0.0000003       8.72000000E-05  5.03400000E-05  1.61190000E-04
     -0.0000001      -0.0000004       0.0000001       0.00000000E+00  5.77150000E-04 -3.53250000E-04
      0.0000001       0.0000003       0.0000004       8.61000000E-06  4.97000000E-06 -2.26900000E-04
     -0.0000001      -0.0000004       0.0000003      -0.00000000E+00  1.70030000E-04 -3.59770000E-04
      0.0000001       0.0000004      -0.0000000      -0.00000000E+00  8.50100000E-05 -9.06000000E-05
     -0.0000001      -0.0000004      -0.0000002       1.69400000E-05  9.78000000E-06  2.66100000E-04
      0.0000001       0.0000004       0.0000001       0.00000000E+00 -7.89000000E-06  1.25600000E-04
     -0.0000001      -0.0000004      -0.0000000       2.42900000E-04  1.40240000E-04 -3.62250000E-04
      0.0000001       0.0000004       0.0000003       0.00000000E+00 -1.00690000E-04  1.61190000E-04
     -0.0000001      -0.0000004       0.0000001      -4.99830000E-04 -2.88570000E-04 -3.53250000E-04
      0.0000001       0.0000004       0.0000004       0.00000000E+00 -9.95000000E-06 -2.26900000E-04
     -0.0000001      -0.0000004       0.0000003      -1.47250000E-04 -8.50200000E-05 -3.59770000E-04
      0.0000001       0.0000003      -0.0000000       7.36200000E-05 -4.25100000E-05 -9.06000000E-05
     -0.0000001      -0.0000004      -0.0000002       0.00000000E+00  0.00000000E+00  1.47090000E-04
      0.0000001       0.0000003       0.0000001      -6.83000000E-06  3.95000000E-06  1.25600000E-04
     -0.0000001      -0.0000004      -0.0000000       0.00000000E+00  0.00000000E+00 -5.23200000E-05
      0.0000001       0.0000003       0.0000003      -8.72000000E-05  5.03400000E-05  1.61190000E-04
     -0.0000001      -0.0000004       0.0000001       0.00000000E+00  0.00000000E+00 -3.88900000E-05
      0.0000001       0.0000003       0.0000004      -8.61000000E-06  4.97000000E-06 -2.26900000E-04
     -0.0000001      -0.0000004       0.0000003       0.00000000E+00  0.00000000E+00 -5.32100000E-05
