# Filename: disp01.pw.out, Snapshot: 1, E_pot (eV): 0.0004906212751363277
      0.0188973       0.0000000       0.0000000      -3.83285000E-03 -6.70100000E-05  3.16400000E-05
      0.0000000       0.0000000       0.0000000       3.60200000E-05 -9.17000000E-06  4.33270000E-04
      0.0000000       0.0000000       0.0000000       1.53500000E-04 -2.65000000E-06  6.30000000E-07
      0.0000000       0.0000000       0.0000000       1.22234000E-03 -6.94320000E-04  4.75140000E-04
      0.0000000       0.0000000       0.0000000       9.31000000E-06 -1.70000000E-07 -2.03300000E-05
      0.0000000       0.0000000       0.0000000       3.53500000E-05 -4.98000000E-06 -1.59570000E-04
      0.0000000       0.0000000       0.0000000       1.07600000E-04  1.43000000E-06  5.16000000E-06
      0.0000000       0.0000000       0.0000000       5.06000000E-06 -1.41000000E-05 -1.68400000E-05
      0.0000000       0.0000000       0.0000000       6.35300000E-05 -5.49880000E-04 -1.13480000E-04
      0.0000000       0.0000000       0.0000000       1.48600000E-05 -3.06000000E-06  3.00000000E-08
      0.0000000       0.0000000       0.0000000      -3.59000000E-06  6.56100000E-05  8.08400000E-05
      0.0000000       0.0000000       0.0000000       1.17400000E-05  7.07000000E-06  7.00000000E-08
      0.0000000       0.0000000       0.0000000       4.50000000E-07  5.90000000E-06 -3.50000000E-07
      0.0000000       0.0000000       0.0000000       1.87500000E-05 -4.87000000E-06  2.53100000E-05
      0.0000000       0.0000000       0.0000000       5.16000000E-06  6.61600000E-05 -7.74000000E-05
      0.0000000       0.0000000       0.0000000      -2.01600000E-05 -6.90000000E-07 -2.93000000E-06
      0.0000000       0.0000000       0.0000000       1.02914000E-03 -6.21000000E-06 -5.41000000E-06
      0.0000000       0.0000000       0.0000000       3.62700000E-05  1.53000000E-05 -4.41560000E-04
      0.0000000       0.0000000       0.0000000      -1.15600000E-04 -1.11000000E-06  6.29000000E-06
      0.0000000       0.0000000       0.0000000       1.29606000E-03  7.46760000E-04 -5.17750000E-04
      0.0000000       0.0000000       0.0000000      -8.29000000E-06 -3.00000000E-07 -2.18900000E-05
      0.0000000       0.0000000       0.0000000       3.67200000E-05  1.21300000E-05  2.11060000E-04
      0.0000000       0.0000000       0.0000000      -1.11330000E-04  8.90000000E-07  5.48000000E-06
      0.0000000       0.0000000       0.0000000       5.25000000E-06  1.50500000E-05  8.45000000E-06
      0.0000000       0.0000000       0.0000000       6.43700000E-05  5.64970000E-04  1.01430000E-04
      0.0000000       0.0000000       0.0000000      -3.39500000E-05 -2.90000000E-06 -2.91000000E-06
      0.0000000       0.0000000       0.0000000      -4.00000000E-06 -6.40900000E-05 -6.77400000E-05
      0.0000000       0.0000000       0.0000000      -8.17000000E-06  6.60000000E-07 -3.23000000E-06
      0.0000000       0.0000000       0.0000000       1.92000000E-06 -4.49000000E-06 -4.61200000E-05
      0.0000000       0.0000000       0.0000000      -3.86500000E-05 -3.22000000E-06  2.68500000E-05
      0.0000000       0.0000000       0.0000000       4.65000000E-06 -6.81000000E-05  8.90600000E-05
      0.0000000       0.0000000       0.0000000       1.85500000E-05 -6.40000000E-07 -3.14000000E-06
# Filename: disp02.pw.out, Snapshot: 1, E_pot (eV): 0.00048531505548065745
     -0.0000000       0.0188973       0.0000000      -1.13200000E-05 -3.74013000E-03  3.57700000E-05
      0.0000000       0.0000000       0.0000000      -1.17200000E-05  1.15200000E-05 -2.54450000E-04
      0.0000000       0.0000000       0.0000000      -1.41000000E-06  1.53740000E-04 -2.42000000E-06
      0.0000000       0.0000000       0.0000000      -7.32110000E-04  4.28250000E-04 -2.96130000E-04
      0.0000000       0.0000000       0.0000000      -2.36000000E-06  4.60000000E-06 -1.16300000E-05
      0.0000000       0.0000000       0.0000000      -1.56300000E-05  3.21800000E-05  1.35890000E-04
      0.0000000       0.0000000       0.0000000       1.88000000E-06  1.07020000E-04  3.31000000E-06
      0.0000000       0.0000000       0.0000000      -1.55400000E-05 -1.09300000E-05  2.93000000E-06
      0.0000000       0.0000000       0.0000000      -5.40970000E-04  6.79350000E-04 -5.78600000E-05
      0.0000000       0.0000000       0.0000000       1.78000000E-06  5.12500000E-05  4.78940000E-04
      0.0000000       0.0000000       0.0000000       6.46400000E-05 -7.77600000E-05  4.57800000E-05
      0.0000000       0.0000000       0.0000000      -2.20000000E-07  1.61326000E-03  5.42770000E-04
      0.0000000       0.0000000       0.0000000       7.33000000E-06 -5.10000000E-07 -1.50500000E-05
      0.0000000       0.0000000       0.0000000       7.38000000E-06  3.42300000E-05 -1.67770000E-04
      0.0000000       0.0000000       0.0000000       6.59500000E-05 -7.21300000E-05 -4.26300000E-05
      0.0000000       0.0000000       0.0000000       1.07000000E-06  1.35600000E-05 -2.08000000E-05
      0.0000000       0.0000000       0.0000000       1.13200000E-05 -2.45420000E-04  1.26360000E-04
      0.0000000       0.0000000       0.0000000       1.17200000E-05  9.47000000E-06 -2.62560000E-04
      0.0000000       0.0000000       0.0000000       1.41000000E-06  3.31200000E-05 -8.17300000E-05
      0.0000000       0.0000000       0.0000000       7.32110000E-04  4.28510000E-04 -2.96880000E-04
      0.0000000       0.0000000       0.0000000       2.36000000E-06 -4.75000000E-06 -4.00500000E-05
      0.0000000       0.0000000       0.0000000       1.56300000E-05  2.36600000E-05  1.31630000E-04
      0.0000000       0.0000000       0.0000000      -1.88000000E-06  4.55100000E-05  1.00570000E-04
      0.0000000       0.0000000       0.0000000       1.55400000E-05 -1.21600000E-05  9.60000000E-07
      0.0000000       0.0000000       0.0000000       5.40970000E-04  6.92430000E-04 -5.88600000E-05
      0.0000000       0.0000000       0.0000000      -1.78000000E-06 -2.33000000E-05 -1.62500000E-05
      0.0000000       0.0000000       0.0000000      -6.46400000E-05 -7.61300000E-05  4.60300000E-05
      0.0000000       0.0000000       0.0000000       2.20000000E-07 -7.31000000E-06 -6.17000000E-06
      0.0000000       0.0000000       0.0000000      -7.33000000E-06  2.21000000E-06 -8.98000000E-06
      0.0000000       0.0000000       0.0000000      -7.38000000E-06 -3.82100000E-05  3.87200000E-05
      0.0000000       0.0000000       0.0000000      -6.59500000E-05 -7.43000000E-05 -4.43300000E-05
      0.0000000       0.0000000       0.0000000      -1.07000000E-06  1.91900000E-05 -5.09000000E-06
# Filename: disp03.pw.out, Snapshot: 1, E_pot (eV): 0.0004957914393055545
     -0.0000000      -0.0188973       0.0000000      -1.13200000E-05  3.87315000E-03  3.22800000E-05
      0.0000000       0.0000000       0.0000000       1.55100000E-05 -1.68200000E-05  2.49080000E-04
      0.0000000       0.0000000       0.0000000      -1.41000000E-06 -1.54130000E-04 -1.76000000E-06
      0.0000000       0.0000000       0.0000000       7.08820000E-04 -4.26330000E-04  2.76550000E-04
      0.0000000       0.0000000       0.0000000      -2.36000000E-06 -1.11700000E-05 -1.51000000E-05
      0.0000000       0.0000000       0.0000000       1.42400000E-05 -1.25700000E-05 -7.37300000E-05
      0.0000000       0.0000000       0.0000000       1.88000000E-06 -1.03880000E-04  2.50000000E-06
      0.0000000       0.0000000       0.0000000       1.46800000E-05  1.39300000E-05 -1.38600000E-05
      0.0000000       0.0000000       0.0000000       5.50380000E-04 -6.99660000E-04  5.49200000E-05
      0.0000000       0.0000000       0.0000000       1.78000000E-06 -4.62200000E-05 -5.00320000E-04
      0.0000000       0.0000000       0.0000000      -6.54000000E-05  7.96400000E-05 -3.88400000E-05
      0.0000000       0.0000000       0.0000000      -2.20000000E-07 -1.73707000E-03 -6.03370000E-04
      0.0000000       0.0000000       0.0000000      -4.76000000E-06  5.46000000E-06 -3.53400000E-05
      0.0000000       0.0000000       0.0000000       7.38000000E-06 -4.79600000E-05  2.47070000E-04
      0.0000000       0.0000000       0.0000000      -6.51200000E-05  7.13300000E-05  5.29000000E-05
      0.0000000       0.0000000       0.0000000       1.07000000E-06 -1.44800000E-05  9.18000000E-06
      0.0000000       0.0000000       0.0000000       1.13200000E-05  2.47520000E-04 -1.32750000E-04
      0.0000000       0.0000000       0.0000000      -1.55100000E-05 -1.88700000E-05  2.40970000E-04
      0.0000000       0.0000000       0.0000000       1.41000000E-06 -3.49800000E-05  9.06000000E-05
      0.0000000       0.0000000       0.0000000      -7.08820000E-04 -4.26070000E-04  2.75800000E-04
      0.0000000       0.0000000       0.0000000       2.36000000E-06 -4.88000000E-06  1.18800000E-05
      0.0000000       0.0000000       0.0000000      -1.42400000E-05 -2.10900000E-05 -7.79900000E-05
      0.0000000       0.0000000       0.0000000      -1.88000000E-06 -4.20500000E-05 -9.41400000E-05
      0.0000000       0.0000000       0.0000000      -1.46800000E-05  1.27000000E-05 -1.58300000E-05
      0.0000000       0.0000000       0.0000000      -5.50380000E-04 -6.86580000E-04  5.39200000E-05
      0.0000000       0.0000000       0.0000000      -1.78000000E-06  2.70800000E-05 -8.00000000E-07
      0.0000000       0.0000000       0.0000000       6.54000000E-05  8.12700000E-05 -3.85900000E-05
      0.0000000       0.0000000       0.0000000       2.20000000E-07  8.60000000E-06 -5.13000000E-06
      0.0000000       0.0000000       0.0000000       4.76000000E-06  8.18000000E-06 -2.92700000E-05
      0.0000000       0.0000000       0.0000000      -7.38000000E-06  2.67600000E-05  3.34300000E-05
      0.0000000       0.0000000       0.0000000       6.51200000E-05  6.91600000E-05  5.12000000E-05
      0.0000000       0.0000000       0.0000000      -1.07000000E-06 -1.99900000E-05 -5.39000000E-06
# Filename: disp04.pw.out, Snapshot: 1, E_pot (eV): 0.0004819136311966541
      0.0000000       0.0000000       0.0188973      -1.13200000E-05 -6.54000000E-06 -3.87830000E-03
      0.0000000       0.0000000       0.0000000       1.82760000E-04 -1.03470000E-04  2.86860000E-04
      0.0000000       0.0000000       0.0000000      -1.41000000E-06 -8.20000000E-07  1.98398000E-03
      0.0000000       0.0000000       0.0000000       5.21280000E-04 -3.01220000E-04  4.05490000E-04
      0.0000000       0.0000000       0.0000000      -2.36000000E-06 -1.36000000E-06  2.80900000E-04
      0.0000000       0.0000000       0.0000000      -4.31050000E-04  2.57390000E-04  3.18670000E-04
      0.0000000       0.0000000       0.0000000       1.88000000E-06  1.09000000E-06 -2.50550000E-04
      0.0000000       0.0000000       0.0000000       3.59300000E-05 -1.95100000E-05 -2.18320000E-04
      0.0000000       0.0000000       0.0000000      -1.07820000E-04 -6.22500000E-05 -3.69660000E-04
      0.0000000       0.0000000       0.0000000       1.78000000E-06  2.10010000E-04  2.86860000E-04
      0.0000000       0.0000000       0.0000000       4.37000000E-06  2.52000000E-06  1.48360000E-04
      0.0000000       0.0000000       0.0000000      -2.20000000E-07  6.02050000E-04  4.05490000E-04
      0.0000000       0.0000000       0.0000000       2.42300000E-05  1.39900000E-05  1.27950000E-04
      0.0000000       0.0000000       0.0000000       7.38000000E-06 -5.02000000E-04  3.18670000E-04
      0.0000000       0.0000000       0.0000000       9.93000000E-06  5.74000000E-06 -1.21790000E-04
      0.0000000       0.0000000       0.0000000       1.07000000E-06  4.08700000E-05 -2.18320000E-04
      0.0000000       0.0000000       0.0000000       1.13200000E-05  1.17960000E-04 -3.70660000E-04
      0.0000000       0.0000000       0.0000000      -1.82760000E-04 -1.05520000E-04  2.78750000E-04
      0.0000000       0.0000000       0.0000000       1.41000000E-06 -5.87000000E-06  1.48610000E-04
      0.0000000       0.0000000       0.0000000      -5.21280000E-04 -3.00960000E-04  4.04740000E-04
      0.0000000       0.0000000       0.0000000       2.36000000E-06 -2.93400000E-05  1.34020000E-04
      0.0000000       0.0000000       0.0000000       4.31050000E-04  2.48870000E-04  3.14410000E-04
      0.0000000       0.0000000       0.0000000      -1.88000000E-06 -1.03800000E-05 -1.23490000E-04
      0.0000000       0.0000000       0.0000000      -3.59300000E-05 -2.07400000E-05 -2.20290000E-04
      0.0000000       0.0000000       0.0000000       1.07820000E-04 -4.91700000E-05 -3.70660000E-04
      0.0000000       0.0000000       0.0000000      -1.78000000E-06 -1.03000000E-06  6.10900000E-05
      0.0000000       0.0000000       0.0000000      -4.37000000E-06  4.15000000E-06  1.48610000E-04
      0.0000000       0.0000000       0.0000000       2.20000000E-07  1.30000000E-07  8.42000000E-05
      0.0000000       0.0000000       0.0000000      -2.42300000E-05  1.67100000E-05  1.34020000E-04
      0.0000000       0.0000000       0.0000000      -7.38000000E-06 -4.26000000E-06  8.97400000E-05
      0.0000000       0.0000000       0.0000000      -9.93000000E-06  3.57000000E-06 -1.23490000E-04
      0.0000000       0.0000000       0.0000000      -1.07000000E-06 -6.20000000E-07 -9.58100000E-05
# Filename: disp05.pw.out, Snapshot: 1, E_pot (eV): 0.0004921179040486642
      0.0000000       0.0000000      -0.0188973      -1.13200000E-05 -6.54000000E-06  3.70749000E-03
      0.0000000       0.0000000       0.0000000      -1.83920000E-04  1.08240000E-04 -2.92720000E-04
      0.0000000       0.0000000       0.0000000      -1.41000000E-06 -8.20000000E-07 -1.82823000E-03
      0.0000000       0.0000000       0.0000000      -5.25710000E-04  3.03260000E-04 -4.12690000E-04
      0.0000000       0.0000000       0.0000000      -2.36000000E-06 -1.36000000E-06 -3.18960000E-04
      0.0000000       0.0000000       0.0000000       4.32400000E-04 -2.41130000E-04 -2.48560000E-04
      0.0000000       0.0000000       0.0000000       1.88000000E-06  1.09000000E-06  2.56790000E-04
      0.0000000       0.0000000       0.0000000      -3.63600000E-05  2.22200000E-05  2.08910000E-04
      0.0000000       0.0000000       0.0000000       1.10130000E-04  6.35800000E-05  3.58880000E-04
      0.0000000       0.0000000       0.0000000       1.78000000E-06 -2.13400000E-04 -2.92720000E-04
      0.0000000       0.0000000       0.0000000      -5.03000000E-06 -2.90000000E-06 -1.39020000E-04
      0.0000000       0.0000000       0.0000000      -2.20000000E-07 -6.06900000E-04 -4.12690000E-04
      0.0000000       0.0000000       0.0000000      -2.25400000E-05 -1.30100000E-05 -1.77360000E-04
      0.0000000       0.0000000       0.0000000       7.38000000E-06  4.95030000E-04 -2.48560000E-04
      0.0000000       0.0000000       0.0000000      -1.00200000E-05 -5.78000000E-06  1.31140000E-04
      0.0000000       0.0000000       0.0000000       1.07000000E-06 -4.26000000E-05  2.08910000E-04
      0.0000000       0.0000000       0.0000000       1.13200000E-05 -1.33700000E-04  3.57880000E-04
      0.0000000       0.0000000       0.0000000       1.83920000E-04  1.06190000E-04 -3.00830000E-04
      0.0000000       0.0000000       0.0000000       1.41000000E-06  4.99000000E-06 -1.38770000E-04
      0.0000000       0.0000000       0.0000000       5.25710000E-04  3.03520000E-04 -4.13440000E-04
      0.0000000       0.0000000       0.0000000       2.36000000E-06  2.46600000E-05 -1.71290000E-04
      0.0000000       0.0000000       0.0000000      -4.32400000E-04 -2.49650000E-04 -2.52820000E-04
      0.0000000       0.0000000       0.0000000      -1.88000000E-06  1.26600000E-05  1.29440000E-04
      0.0000000       0.0000000       0.0000000       3.63600000E-05  2.09900000E-05  2.06940000E-04
      0.0000000       0.0000000       0.0000000      -1.10130000E-04  7.66600000E-05  3.57880000E-04
      0.0000000       0.0000000       0.0000000      -1.78000000E-06 -1.03000000E-06 -6.40100000E-05
      0.0000000       0.0000000       0.0000000       5.03000000E-06 -1.27000000E-06 -1.38770000E-04
      0.0000000       0.0000000       0.0000000       2.20000000E-07  1.30000000E-07 -9.60300000E-05
      0.0000000       0.0000000       0.0000000       2.25400000E-05 -1.02900000E-05 -1.71290000E-04
      0.0000000       0.0000000       0.0000000      -7.38000000E-06 -4.26000000E-06 -2.14100000E-05
      0.0000000       0.0000000       0.0000000       1.00200000E-05 -7.95000000E-06  1.29440000E-04
      0.0000000       0.0000000       0.0000000      -1.07000000E-06 -6.20000000E-07  8.65000000E-05
# Filename: disp06.pw.out, Snapshot: 1, E_pot (eV): 0.0005557925399167075
      0.0000000       0.0000000       0.0000000       1.42270000E-04 -5.54000000E-06  1.54000000E-06
      0.0000000       0.0000000       0.0000000       3.99000000E-06 -1.34900000E-05 -3.40800000E-05
      0.0188973       0.0000000       0.0000000      -4.32857000E-03 -6.50700000E-05 -3.93500000E-05
      0.0000000       0.0000000       0.0000000       1.02630000E-04 -7.34200000E-05  1.41650000E-04
      0.0000000       0.0000000       0.0000000       1.02850000E-04 -1.63000000E-06 -1.57900000E-05
      0.0000000       0.0000000       0.0000000       1.21946000E-03 -6.85160000E-04 -4.70780000E-04
      0.0000000       0.0000000       0.0000000      -2.20300000E-05  7.90000000E-07  1.35000000E-06
      0.0000000       0.0000000       0.0000000       1.02040000E-04 -7.14200000E-05 -2.46550000E-04
      0.0000000       0.0000000       0.0000000      -4.58000000E-06  6.41900000E-05 -1.00000000E-08
      0.0000000       0.0000000       0.0000000      -2.06500000E-05  5.50000000E-07 -8.40000000E-07
      0.0000000       0.0000000       0.0000000       2.24790000E-04 -4.25970000E-04 -3.71000000E-06
      0.0000000       0.0000000       0.0000000      -2.39000000E-05  3.50000000E-07 -5.46000000E-06
      0.0000000       0.0000000       0.0000000       2.49000000E-06  6.64700000E-05 -1.29100000E-05
      0.0000000       0.0000000       0.0000000       1.97500000E-05  1.63000000E-06  3.44000000E-05
      0.0000000       0.0000000       0.0000000      -3.62000000E-06 -2.14400000E-05 -5.66000000E-06
      0.0000000       0.0000000       0.0000000      -2.25300000E-05 -7.10000000E-07 -6.55000000E-06
      0.0000000       0.0000000       0.0000000      -1.05230000E-04 -6.65000000E-06 -3.66000000E-06
      0.0000000       0.0000000       0.0000000       6.59000000E-06  1.30600000E-05  2.66400000E-05
      0.0000000       0.0000000       0.0000000       9.65020000E-04 -1.83000000E-06  3.59000000E-06
      0.0000000       0.0000000       0.0000000       1.02210000E-04  7.27700000E-05 -1.55580000E-04
      0.0000000       0.0000000       0.0000000      -1.06960000E-04 -1.22000000E-06 -1.48600000E-05
      0.0000000       0.0000000       0.0000000       1.30095000E-03  7.48310000E-04  5.71190000E-04
      0.0000000       0.0000000       0.0000000       3.17800000E-05  9.70000000E-07  1.65000000E-06
      0.0000000       0.0000000       0.0000000       1.02610000E-04  7.31800000E-05  2.33150000E-04
      0.0000000       0.0000000       0.0000000      -1.86000000E-06 -5.13300000E-05 -1.22800000E-05
      0.0000000       0.0000000       0.0000000       1.73600000E-05 -3.60000000E-07 -1.84000000E-06
      0.0000000       0.0000000       0.0000000       2.26370000E-04  4.27660000E-04  1.10500000E-05
      0.0000000       0.0000000       0.0000000      -9.87000000E-06 -2.60000000E-07 -6.89000000E-06
      0.0000000       0.0000000       0.0000000       6.19000000E-06 -6.21100000E-05 -2.60900000E-05
      0.0000000       0.0000000       0.0000000      -1.59500000E-05  1.00000000E-07  3.30500000E-05
      0.0000000       0.0000000       0.0000000      -2.56000000E-06  1.83300000E-05  1.02600000E-05
      0.0000000       0.0000000       0.0000000      -1.10600000E-05 -7.60000000E-07 -6.59000000E-06
# Filename: disp07.pw.out, Snapshot: 1, E_pot (eV): 0.0005502142092881502
      0.0000000       0.0000000       0.0000000      -1.13200000E-05  1.43860000E-04  8.00000000E-08
      0.0000000       0.0000000       0.0000000      -1.29000000E-05 -1.08300000E-05  2.14700000E-05
     -0.0000000       0.0188973       0.0000000      -1.41000000E-06 -4.26327000E-03 -3.99200000E-05
      0.0000000       0.0000000       0.0000000      -7.27700000E-05  1.72300000E-05 -9.26600000E-05
      0.0000000       0.0000000       0.0000000      -2.36000000E-06  9.79100000E-05 -1.86800000E-05
      0.0000000       0.0000000       0.0000000      -7.29020000E-04  4.44210000E-04  3.45550000E-04
      0.0000000       0.0000000       0.0000000       1.88000000E-06 -2.21800000E-05  5.60000000E-07
      0.0000000       0.0000000       0.0000000      -7.32600000E-05  1.89000000E-05  1.32090000E-04
      0.0000000       0.0000000       0.0000000       6.27700000E-05 -7.54400000E-05  2.80000000E-06
      0.0000000       0.0000000       0.0000000       1.78000000E-06  1.23300000E-05 -4.17600000E-05
      0.0000000       0.0000000       0.0000000      -4.25480000E-04  7.16760000E-04 -2.40000000E-06
      0.0000000       0.0000000       0.0000000      -2.20000000E-07  1.45010000E-04  1.62300000E-04
      0.0000000       0.0000000       0.0000000       6.73500000E-05 -6.31800000E-05 -2.13700000E-05
      0.0000000       0.0000000       0.0000000       7.38000000E-06  1.60217000E-03 -5.38900000E-04
      0.0000000       0.0000000       0.0000000      -2.09300000E-05  2.09600000E-05 -2.27000000E-06
      0.0000000       0.0000000       0.0000000       1.07000000E-06  1.43410000E-04 -2.84570000E-04
      0.0000000       0.0000000       0.0000000       1.13200000E-05  2.81000000E-05 -8.94000000E-06
      0.0000000       0.0000000       0.0000000       1.29000000E-05 -1.28800000E-05  1.33600000E-05
      0.0000000       0.0000000       0.0000000       1.41000000E-06 -2.02100000E-05  1.09900000E-05
      0.0000000       0.0000000       0.0000000       7.27700000E-05  1.74900000E-05 -9.34100000E-05
      0.0000000       0.0000000       0.0000000       2.36000000E-06  3.25700000E-05 -3.26700000E-05
      0.0000000       0.0000000       0.0000000       7.29020000E-04  4.35690000E-04  3.41290000E-04
      0.0000000       0.0000000       0.0000000      -1.88000000E-06 -1.35700000E-05  1.10000000E-05
      0.0000000       0.0000000       0.0000000       7.32600000E-05  1.76700000E-05  1.30120000E-04
      0.0000000       0.0000000       0.0000000      -6.27700000E-05 -6.23600000E-05  1.80000000E-06
      0.0000000       0.0000000       0.0000000      -1.78000000E-06  1.45200000E-05 -2.16000000E-06
      0.0000000       0.0000000       0.0000000       4.25480000E-04  7.18390000E-04 -2.15000000E-06
      0.0000000       0.0000000       0.0000000       2.20000000E-07 -9.50000000E-06 -8.17000000E-06
      0.0000000       0.0000000       0.0000000      -6.73500000E-05 -6.04600000E-05 -1.53000000E-05
      0.0000000       0.0000000       0.0000000      -7.38000000E-06 -2.16900000E-05  4.27400000E-05
      0.0000000       0.0000000       0.0000000       2.09300000E-05  1.87900000E-05 -3.97000000E-06
      0.0000000       0.0000000       0.0000000      -1.07000000E-06 -1.04600000E-05 -6.81000000E-06
# Filename: disp08.pw.out, Snapshot: 1, E_pot (eV): 0.000561234821245974
      0.0000000       0.0000000       0.0000000      -1.13200000E-05 -1.61390000E-04 -1.72000000E-06
      0.0000000       0.0000000       0.0000000       1.52100000E-05  1.43300000E-05 -2.25100000E-05
     -0.0000000      -0.0188973       0.0000000      -1.41000000E-06  4.39010000E-03 -3.77700000E-05
      0.0000000       0.0000000       0.0000000       7.30100000E-05 -1.90700000E-05  8.09800000E-05
      0.0000000       0.0000000       0.0000000      -2.36000000E-06 -1.07100000E-04 -1.70500000E-05
      0.0000000       0.0000000       0.0000000       7.07600000E-04 -4.18010000E-04 -2.65850000E-04
      0.0000000       0.0000000       0.0000000       1.88000000E-06  2.48500000E-05  3.18000000E-06
      0.0000000       0.0000000       0.0000000       7.26200000E-05 -1.75100000E-05 -1.43950000E-04
      0.0000000       0.0000000       0.0000000      -6.53100000E-05  7.98000000E-05 -9.11000000E-06
      0.0000000       0.0000000       0.0000000       1.78000000E-06 -1.49200000E-05  4.04100000E-05
      0.0000000       0.0000000       0.0000000       4.26510000E-04 -7.17990000E-04  9.10000000E-06
      0.0000000       0.0000000       0.0000000      -2.20000000E-07 -1.44070000E-04 -1.76290000E-04
      0.0000000       0.0000000       0.0000000      -6.60900000E-05  7.18200000E-05 -2.86200000E-05
      0.0000000       0.0000000       0.0000000       7.38000000E-06 -1.74334000E-03  6.61930000E-04
      0.0000000       0.0000000       0.0000000       2.11200000E-05 -2.16900000E-05  9.98000000E-06
      0.0000000       0.0000000       0.0000000       1.07000000E-06 -1.45800000E-04  2.74900000E-04
      0.0000000       0.0000000       0.0000000       1.13200000E-05 -4.09600000E-05 -2.56000000E-06
      0.0000000       0.0000000       0.0000000      -1.52100000E-05  1.22800000E-05 -3.06200000E-05
      0.0000000       0.0000000       0.0000000       1.41000000E-06  2.01200000E-05 -2.49000000E-06
      0.0000000       0.0000000       0.0000000      -7.30100000E-05 -1.88100000E-05  8.02300000E-05
      0.0000000       0.0000000       0.0000000       2.36000000E-06 -4.44200000E-05 -5.44000000E-06
      0.0000000       0.0000000       0.0000000      -7.07600000E-04 -4.26530000E-04 -2.70110000E-04
      0.0000000       0.0000000       0.0000000      -1.88000000E-06  1.62000000E-05 -6.88000000E-06
      0.0000000       0.0000000       0.0000000      -7.26200000E-05 -1.87400000E-05 -1.45920000E-04
      0.0000000       0.0000000       0.0000000       6.53100000E-05  9.28800000E-05 -1.01100000E-05
      0.0000000       0.0000000       0.0000000      -1.78000000E-06 -2.07700000E-05 -8.80000000E-07
      0.0000000       0.0000000       0.0000000      -4.26510000E-04 -7.16360000E-04  9.35000000E-06
      0.0000000       0.0000000       0.0000000       2.20000000E-07  1.05300000E-05 -4.92000000E-06
      0.0000000       0.0000000       0.0000000       6.60900000E-05  7.45400000E-05 -2.25500000E-05
      0.0000000       0.0000000       0.0000000      -7.38000000E-06  4.28000000E-06  3.15800000E-05
      0.0000000       0.0000000       0.0000000      -2.11200000E-05 -2.38600000E-05  8.28000000E-06
      0.0000000       0.0000000       0.0000000      -1.07000000E-06  9.57000000E-06 -4.54000000E-06
# Filename: disp09.pw.out, Snapshot: 1, E_pot (eV): 0.0005642280728834941
      0.0000000       0.0000000       0.0000000      -1.13200000E-05 -6.54000000E-06  1.83235000E-03
      0.0000000       0.0000000       0.0000000       1.64000000E-05 -7.42000000E-06 -2.30870000E-04
      0.0000000       0.0000000       0.0188973      -1.41000000E-06 -8.20000000E-07 -4.26097000E-03
      0.0000000       0.0000000       0.0000000       2.39350000E-04 -1.38450000E-04  3.03900000E-04
      0.0000000       0.0000000       0.0000000      -2.36000000E-06 -1.36000000E-06 -2.71370000E-04
      0.0000000       0.0000000       0.0000000      -4.93850000E-04  2.93640000E-04  4.45620000E-04
      0.0000000       0.0000000       0.0000000       1.88000000E-06  1.09000000E-06  1.81550000E-04
      0.0000000       0.0000000       0.0000000      -1.49600000E-04  8.76000000E-05  3.07430000E-04
      0.0000000       0.0000000       0.0000000       7.92500000E-05  4.57600000E-05  1.43270000E-04
      0.0000000       0.0000000       0.0000000       1.78000000E-06  1.79000000E-05 -2.30870000E-04
      0.0000000       0.0000000       0.0000000      -8.27000000E-06 -4.78000000E-06 -1.71640000E-04
      0.0000000       0.0000000       0.0000000      -2.20000000E-07  2.76510000E-04  3.03900000E-04
      0.0000000       0.0000000       0.0000000      -7.92900000E-05 -4.57800000E-05 -1.49440000E-04
      0.0000000       0.0000000       0.0000000       7.38000000E-06 -5.74510000E-04  4.45620000E-04
      0.0000000       0.0000000       0.0000000      -8.99000000E-06 -5.19000000E-06  1.85300000E-04
      0.0000000       0.0000000       0.0000000       1.07000000E-06 -1.73360000E-04  3.07430000E-04
      0.0000000       0.0000000       0.0000000       1.13200000E-05 -9.80500000E-05  1.42270000E-04
      0.0000000       0.0000000       0.0000000      -1.64000000E-05 -9.47000000E-06 -2.38980000E-04
      0.0000000       0.0000000       0.0000000       1.41000000E-06  8.73000000E-06 -1.71390000E-04
      0.0000000       0.0000000       0.0000000      -2.39350000E-04 -1.38190000E-04  3.03150000E-04
      0.0000000       0.0000000       0.0000000       2.36000000E-06  9.02000000E-05 -1.43370000E-04
      0.0000000       0.0000000       0.0000000       4.93850000E-04  2.85120000E-04  4.41360000E-04
      0.0000000       0.0000000       0.0000000      -1.88000000E-06  1.14800000E-05  1.83600000E-04
      0.0000000       0.0000000       0.0000000       1.49600000E-04  8.63700000E-05  3.05460000E-04
      0.0000000       0.0000000       0.0000000      -7.92500000E-05  5.88400000E-05  1.42270000E-04
      0.0000000       0.0000000       0.0000000      -1.78000000E-06 -1.03000000E-06 -1.05630000E-04
      0.0000000       0.0000000       0.0000000       8.27000000E-06 -3.15000000E-06 -1.71390000E-04
      0.0000000       0.0000000       0.0000000       2.20000000E-07  1.30000000E-07 -2.16000000E-06
      0.0000000       0.0000000       0.0000000       7.92900000E-05 -4.30600000E-05 -1.43370000E-04
      0.0000000       0.0000000       0.0000000      -7.38000000E-06 -4.26000000E-06  1.34550000E-04
      0.0000000       0.0000000       0.0000000       8.99000000E-06 -7.36000000E-06  1.83600000E-04
      0.0000000       0.0000000       0.0000000      -1.07000000E-06 -6.20000000E-07 -1.14000000E-06
# Filename: disp10.pw.out, Snapshot: 1, E_pot (eV): 0.0005536156335721535
      0.0000000       0.0000000       0.0000000      -1.13200000E-05 -6.54000000E-06 -1.98014000E-03
      0.0000000       0.0000000       0.0000000      -1.69400000E-05  1.18300000E-05  2.16580000E-04
      0.0000000       0.0000000      -0.0188973      -1.41000000E-06 -8.20000000E-07  4.44270000E-03
      0.0000000       0.0000000       0.0000000      -2.42900000E-04  1.39980000E-04 -3.18720000E-04
      0.0000000       0.0000000       0.0000000      -2.36000000E-06 -1.36000000E-06  2.11110000E-04
      0.0000000       0.0000000       0.0000000       4.99830000E-04 -2.80050000E-04 -3.69480000E-04
      0.0000000       0.0000000       0.0000000       1.88000000E-06  1.09000000E-06 -1.73370000E-04
      0.0000000       0.0000000       0.0000000       1.47250000E-04 -8.37900000E-05 -3.16220000E-04
      0.0000000       0.0000000       0.0000000      -7.36200000E-05 -4.25100000E-05 -1.46010000E-04
      0.0000000       0.0000000       0.0000000       1.78000000E-06 -2.05900000E-05  2.16580000E-04
      0.0000000       0.0000000       0.0000000       6.83000000E-06  3.95000000E-06  1.78930000E-04
      0.0000000       0.0000000       0.0000000      -2.20000000E-07 -2.80340000E-04 -3.18720000E-04
      0.0000000       0.0000000       0.0000000       8.72000000E-05  5.03400000E-05  8.98400000E-05
      0.0000000       0.0000000       0.0000000       7.38000000E-06  5.72890000E-04 -3.69480000E-04
      0.0000000       0.0000000       0.0000000       8.61000000E-06  4.97000000E-06 -1.73730000E-04
      0.0000000       0.0000000       0.0000000       1.07000000E-06  1.69410000E-04 -3.16220000E-04
      0.0000000       0.0000000       0.0000000       1.13200000E-05  7.84700000E-05 -1.47010000E-04
      0.0000000       0.0000000       0.0000000       1.69400000E-05  9.78000000E-06  2.08470000E-04
      0.0000000       0.0000000       0.0000000       1.41000000E-06 -8.71000000E-06  1.79180000E-04
      0.0000000       0.0000000       0.0000000       2.42900000E-04  1.40240000E-04 -3.19470000E-04
      0.0000000       0.0000000       0.0000000       2.36000000E-06 -1.02050000E-04  9.59100000E-05
      0.0000000       0.0000000       0.0000000      -4.99830000E-04 -2.88570000E-04 -3.73740000E-04
      0.0000000       0.0000000       0.0000000      -1.88000000E-06 -8.86000000E-06 -1.75430000E-04
      0.0000000       0.0000000       0.0000000      -1.47250000E-04 -8.50200000E-05 -3.18190000E-04
      0.0000000       0.0000000       0.0000000       7.36200000E-05 -2.94300000E-05 -1.47010000E-04
      0.0000000       0.0000000       0.0000000      -1.78000000E-06 -1.03000000E-06  9.75700000E-05
      0.0000000       0.0000000       0.0000000      -6.83000000E-06  5.58000000E-06  1.79180000E-04
      0.0000000       0.0000000       0.0000000       2.20000000E-07  1.30000000E-07 -8.79000000E-06
      0.0000000       0.0000000       0.0000000      -8.72000000E-05  5.30600000E-05  9.59100000E-05
      0.0000000       0.0000000       0.0000000      -7.38000000E-06 -4.26000000E-06 -5.51200000E-05
      0.0000000       0.0000000       0.0000000      -8.61000000E-06  2.80000000E-06 -1.75430000E-04
      0.0000000       0.0000000       0.0000000      -1.07000000E-06 -6.20000000E-07 -9.66000000E-06
