  0.000000      -0.0000    0.0000    0.0000   96.3756   96.3756  260.6906  387.4806  409.1657  441.0087  441.0087  534.5921  551.6613
  0.016650       4.1088    4.5150   10.6982   96.4804   96.8321  260.5819  387.5641  409.2914  441.1123  441.3931  535.0762  551.5952
  0.033300       8.2815    9.0443   21.3533   96.7973   98.1810  260.2593  387.8143  409.6654  441.4230  442.5338  536.4972  551.3972
  0.049950      12.5049   13.6002   31.9506   97.3325  100.3635  259.7340  388.2308  410.2795  441.9408  444.3937  538.7638  551.0687
  0.066600      16.8042   18.1913   42.4589   98.0955  103.2910  259.0231  388.8125  411.1204  442.6652  446.9144  541.7335  550.6117
  0.083250      21.1914   22.8216   52.8497   99.0967  106.8555  258.1488  389.5580  412.1705  443.5952  450.0200  545.2245  550.0289
  0.099900      25.6681   27.4907   63.0952  100.3462  110.9401  257.1369  390.4657  413.4093  444.7291  453.6219  549.0312  549.3234
  0.116550      30.2267   32.1938   73.1673  101.8523  115.4265  256.0149  391.5334  414.8152  446.0638  457.6238  548.4990  552.9396
  0.133200      34.8523   36.9226   83.0333  103.6239  120.2009  254.8117  392.7585  416.3668  447.5952  461.9262  547.5593  556.7428
  0.149850      39.5247   41.6661   92.6402  105.6841  125.1567  253.5559  394.1381  418.0448  449.3176  466.4310  546.5083  560.2535
  0.166500      44.2200   46.4112  101.8026  108.1820  130.1946  252.2757  395.6687  419.8329  451.2238  471.0448  545.3497  563.3154
  0.183150      48.9130   51.1437  108.8025  112.7931  135.2226  250.9988  397.3464  421.7190  453.3052  475.6814  544.0875  565.8096
  0.199800      53.5784   55.8486  112.1508  120.9583  140.1560  249.7521  399.1670  423.6951  455.5511  480.2647  542.7252  567.6599
  0.216450      58.1920   60.5113  115.0057  129.4678  144.9158  248.5617  401.1253  425.7572  457.9498  484.7287  541.2670  568.8334
  0.233100      62.7325   65.1181  117.8676  137.7686  149.4284  247.4532  403.2160  427.9053  460.4878  489.0185  539.7169  569.3393
  0.249750      67.1810   69.6563  120.7693  145.7773  153.6266  246.4510  405.4325  430.1416  463.1507  493.0899  538.0804  569.2244
  0.266400      71.5231   74.1150  123.6966  153.4611  157.4489  245.5780  407.7678  432.4700  465.9226  496.9077  536.3639  568.5671
  0.283050      75.7480   78.4853  126.6302  160.8001  160.8421  244.8536  410.2140  434.8947  468.7872  500.4438  534.5765  567.4689
  0.299700      79.8506   82.7601  129.5532  163.7630  167.7808  244.2930  412.7625  437.4192  471.7274  503.6743  532.7323  566.0452
  0.316350      83.8293   86.9342  132.4553  166.1811  174.3936  243.9036  415.4038  440.0446  474.7262  506.5739  530.8533  564.4154
  0.333000      87.6874   91.0039  135.3325  168.0812  180.6333  243.6838  418.1279  442.7693  477.7663  509.1077  528.9775  562.6932
  0.349650      91.4314   94.9669  138.1872  169.4642  186.4979  243.6214  420.9241  445.5882  480.8313  511.2141  527.1741  560.9781
  0.366300      95.0708   98.8217  141.0268  170.3476  191.9892  243.6937  423.7813  448.4923  483.9052  512.7740  525.5732  559.3485
  0.382950      98.6164  102.5668  143.8615  170.7635  197.1104  243.8689  426.6882  451.4687  486.9731  513.5804  524.3956  557.8571
  0.399600     102.0789  106.2009  146.7018  170.7548  201.8670  244.1088  429.6335  454.5011  490.0215  513.4164  523.8736  556.5293
  0.416250     105.4681  109.7219  149.5567  170.3719  206.2651  244.3729  432.6062  457.5702  493.0384  512.3120  523.9943  555.3643
  0.432900     108.7912  113.1267  152.4310  169.6676  210.3103  244.6209  435.5954  460.6546  496.0134  510.5549  524.4879  554.3383
  0.449550     112.0526  116.4107  155.3240  168.6943  214.0075  244.8157  438.5909  463.7313  498.9380  508.4169  525.1018  553.4094
  0.466200     115.2535  119.5676  158.2284  167.5010  217.3608  244.9256  441.5833  466.7765  501.8055  506.0591  525.6953  552.5245
  0.482850     118.3919  122.5893  161.1291  166.1320  220.3743  244.9246  444.5637  469.7662  503.5682  504.6105  526.2029  551.6262
  0.499500     121.4634  125.4653  164.0042  164.6254  223.0522  244.7932  447.5242  472.6759  500.9942  507.3490  526.5984  550.6586
  0.516150     124.4609  128.1827  163.0134  166.8243  225.4015  244.5187  450.4576  475.4810  498.3688  510.0179  526.8755  549.5736
  0.532800     127.3764  130.7260  161.3223  169.5529  227.4342  244.0950  453.3577  478.1556  495.7146  512.6142  527.0402  548.3354
  0.549450     130.2001  133.0768  159.5729  172.1474  229.1693  243.5224  456.2187  480.6714  493.0496  515.1341  527.1074  546.9232
  0.566100     132.9220  135.2140  157.7813  174.5587  230.6355  242.8081  459.0355  482.9938  490.3913  517.5713  527.0994  545.3334
  0.582750     135.5316  137.1134  155.9597  176.7334  231.8729  241.9658  461.8034  485.0594  487.7792  519.9148  527.0453  543.5807
  0.599400     138.0190  138.7468  154.1176  178.6153  232.9329  241.0158  464.5181  484.9894  487.0603  522.1426  526.9820  541.7016
  0.616050     140.0839  140.3739  152.2628  180.1487  233.8772  239.9848  467.1750  482.4507  488.5283  524.2095  526.9524  539.7639
  0.632700     141.0912  142.5877  150.4027  181.2842  234.7722  238.9048  469.7700  479.9038  489.6781  526.0111  527.0038  537.8980
  0.649350     141.7325  144.6525  148.5464  181.9843  235.6829  237.8126  472.2985  477.3993  490.4126  527.1828  527.2929  536.3847
  0.666000     141.9682  146.5612  146.7072  182.2302  236.6644  236.7473  474.7558  474.9494  490.6796  527.5283  527.5627  535.7394
  0.674325     141.9057  145.6910  147.5618  182.1697  236.1761  237.2614  473.6017  476.1019  490.6110  527.1406  527.8033  535.8962
  0.682650     141.7223  144.8032  148.4082  181.9993  235.6906  237.8256  472.4202  477.2788  490.4141  526.4713  528.1016  536.2964
  0.690975     141.4099  143.9368  149.2131  181.7233  235.2311  238.4228  471.2557  478.4362  490.0883  525.6071  528.4486  536.8633
  0.699300     140.9614  143.0985  149.9749  181.3472  234.8018  239.0530  470.1096  479.5726  489.6342  524.6128  528.8424  537.5329
  0.707625     140.3752  142.2897  150.6926  180.8774  234.4064  239.7155  468.9832  480.6873  489.0537  523.5326  529.2801  538.2614
  0.715950     139.6611  141.5008  151.3650  180.3213  234.0481  240.4086  467.8773  481.7793  488.3502  522.3951  529.7580  539.0208
  0.724275     138.8380  140.7147  151.9903  179.6870  233.7294  241.1300  466.7929  482.8479  487.5280  521.2180  530.2715  539.7930
  0.732600     137.9232  139.9157  152.5666  178.9831  233.4521  241.8767  465.7308  483.8923  486.5921  520.0132  530.8154  540.5662
  0.740925     136.9253  139.0985  153.0913  178.2187  233.2176  242.6451  464.6919  484.9114  485.5482  518.7884  531.3846  541.3322
  0.749250     135.8434  138.2675  153.5610  177.4035  233.0264  243.4318  463.6772  484.4026  485.9046  517.5492  531.9734  542.0855
  0.757575     134.6718  137.4332  153.9712  176.5478  232.8784  244.2329  462.6874  483.1622  486.8706  516.2997  532.5765  542.8218
  0.765900     133.4039  136.6076  154.3163  175.6628  232.7731  245.0445  461.7235  481.8339  487.8084  515.0431  533.1888  543.5380
  0.774225     132.0361  135.8004  154.5892  174.7607  232.7092  245.8627  460.7862  480.4253  488.7167  513.7823  533.8053  544.2318
  0.782550     130.5686  135.0184  154.7807  173.8550  232.6849  246.6838  459.8763  478.9441  489.5942  512.5203  534.4215  544.9012
  0.790875     129.0049  134.2655  154.8801  172.9612  232.6983  247.5041  458.9947  477.3983  490.4391  511.2603  535.0331  545.5449
  0.799200     127.3508  133.5437  154.8745  172.0960  232.7467  248.3202  458.1419  475.7965  491.2493  510.0057  535.6363  546.1617
  0.807525     125.6138  132.8549  154.7503  171.2773  232.8273  249.1286  457.3189  474.1473  492.0222  508.7613  536.2277  546.7508
  0.815850     123.8025  132.1995  154.4933  170.5230  232.9371  249.9261  456.5263  472.4599  492.7540  507.5324  536.8041  547.3116
  0.824175     121.9261  131.5780  154.0925  169.8493  233.0729  250.7098  455.7646  470.7435  493.4396  506.3271  537.3632  547.8437
  0.832500     119.9946  130.9908  153.5405  169.2681  233.2314  251.4767  455.0345  469.0081  494.0710  505.1560  537.9025  548.3468
  0.840825     118.0185  130.4378  152.8366  168.7853  233.4092  252.2240  454.3363  467.2636  494.6359  504.0346  538.4200  548.8210
  0.849150     116.0091  129.9193  151.9878  168.4004  233.6028  252.9491  453.6706  465.5205  495.1139  502.9868  538.9141  549.2662
  0.857475     113.9784  129.4351  151.0078  168.1068  233.8088  253.6496  453.0376  463.7894  495.4713  502.0505  539.3834  549.6828
  0.865800     111.9390  128.9850  149.9157  167.8937  234.0238  254.3231  452.4376  462.0814  495.6559  501.2821  539.8269  550.0709
  0.874125     109.9043  128.5686  148.7332  167.7486  234.2447  254.9673  451.8705  460.4077  495.6060  500.7480  540.2438  550.4311
  0.882450     107.8885  128.1854  147.4838  167.6587  234.4681  255.5802  451.3363  458.7796  495.2919  500.4829  540.6334  550.7639
  0.890775     105.9066  127.8346  146.1910  167.6119  234.6910  256.1597  450.8343  457.2089  494.7556  500.4498  540.9955  551.0697
  0.899100     103.9741  127.5156  144.8779  167.5980  234.9105  256.7041  450.3634  455.7079  494.0817  500.5694  541.3297  551.3492
  0.907425     102.1074  127.2273  143.5672  167.6082  235.1236  257.2116  449.9216  454.2893  493.3461  500.7709  541.6361  551.6032
  0.915750     100.3240  126.9689  142.2807  167.6351  235.3278  257.6805  449.5045  452.9681  492.6002  501.0083  541.9145  551.8322
  0.924075      98.6398  126.7393  141.0396  167.6729  235.5206  258.1094  449.1035  451.7625  491.8759  501.2546  542.1653  552.0369
  0.932400      97.0728  126.5374  139.8643  167.7168  235.6996  258.4969  448.7008  450.7000  491.1941  501.4939  542.3886  552.2180
  0.940725      95.6401  126.3623  138.7742  167.7629  235.8627  258.8418  448.2620  449.8238  490.5690  501.7168  542.5847  552.3760
  0.949050      94.3584  126.2129  137.7876  167.8081  236.0081  259.1429  447.7503  449.1785  490.0107  501.9171  542.7539  552.5117
  0.957375      93.2433  126.0882  136.9213  167.8501  236.1341  259.3994  447.1874  448.7498  489.5269  502.0910  542.8964  552.6255
  0.965700      92.3092  125.9875  136.1905  167.8868  236.2392  259.6103  446.6497  448.4675  489.1239  502.2361  543.0126  552.7179
  0.974025      91.5686  125.9098  135.6078  167.9167  236.3221  259.7750  446.1971  448.2766  488.8058  502.3503  543.1026  552.7892
  0.982350      91.0319  125.8548  135.1838  167.9389  236.3821  259.8931  445.8604  448.1508  488.5762  502.4326  543.1667  552.8400
  0.990675      90.7067  125.8221  134.9262  167.9524  236.4184  259.9641  445.6539  448.0785  488.4376  502.4823  543.2052  552.8704
  0.999001      90.5978  125.8111  134.8398  167.9570  236.4305  259.9878  445.5844  448.0549  488.3912  502.4989  543.2180  552.8805
  1.013434      90.5280  125.5902  134.7637  168.0924  236.2541  259.9011  445.5641  447.8823  488.3250  502.6459  543.0733  552.9307
  1.027868      90.3187  124.9383  134.5392  168.4863  235.7255  259.6418  445.4997  447.3707  488.1270  503.0807  542.6486  553.0762
  1.042302      89.9709  123.8866  134.1770  169.1056  234.8465  259.2126  445.3820  446.5380  487.7996  503.7851  541.9679  553.3072
  1.056736      89.4865  122.4790  133.6941  169.9018  233.6200  258.6185  445.1968  445.4113  487.3464  504.7316  541.0619  553.6152
  1.071169      88.8676  120.7652  133.1124  170.8186  232.0491  257.8677  444.0229  444.9261  486.7721  505.8869  539.9618  553.9984
  1.085603      88.1171  118.7938  132.4561  171.7977  230.1372  256.9718  442.4077  444.5501  486.0824  507.2145  538.6956  554.4634
  1.100037      87.2380  116.6089  131.7502  172.7814  227.8872  255.9474  440.6001  444.0494  485.2835  508.6767  537.2885  555.0230
  1.114471      86.2355  114.2478  131.0176  173.7146  225.3017  254.8161  438.6330  443.4076  484.3818  510.2348  535.7639  555.6943
  1.128904      85.1132  111.7408  130.2766  174.5441  222.3826  253.6050  436.5363  442.6121  483.3835  511.8476  534.1459  556.4940
  1.143338      83.8760  109.1111  129.5401  175.2186  219.1314  252.3470  434.3376  441.6570  482.2944  513.4667  532.4657  557.4363
  1.157772      82.5289  106.3758  128.8124  175.6879  215.5497  251.0797  432.0611  440.5434  481.1197  515.0245  530.7731  558.5290
  1.172206      81.0766  103.5466  128.0900  175.9034  211.6399  249.8448  429.7288  439.2805  479.8638  516.4077  529.1633  559.7716
  1.186639      79.5236  100.6296  127.3613  175.8181  207.4057  248.6854  427.3602  437.8848  478.5301  517.4006  527.8332  561.1531
  1.201073      77.8735   97.6279  126.6079  175.3887  202.8528  247.6439  424.9731  436.3799  477.1215  517.6444  527.1235  562.6508
  1.215507      76.1289   94.5413  125.8069  174.5762  197.9908  246.7586  422.5835  434.7949  475.6406  516.8576  527.2973  564.2300
  1.229941      74.2915   91.3678  124.9328  173.3468  192.8359  246.0607  420.2058  433.1619  474.0897  515.1814  528.1960  565.8448
  1.244374      72.3611   88.1039  123.9602  171.6688  187.4141  245.5717  417.8532  431.5148  472.4710  512.9301  529.4884  567.4389
  1.258808      70.3363   84.7461  122.8673  169.5017  181.7740  245.3021  415.5375  429.8857  470.7876  510.3046  530.9583  568.9480
  1.273242      68.2144   81.2914  121.6381  166.7645  176.0176  245.2519  413.2696  428.3036  469.0438  507.4010  532.4970  570.3027
  1.287676      65.9914   77.7382  120.2639  163.2569  170.3766  245.4120  411.0594  426.7917  467.2450  504.2649  534.0492  571.4313
  1.302109      63.6630   74.0868  118.7451  158.6224  165.2480  245.7660  408.9155  425.3666  465.3988  500.9211  535.5842  572.2638
  1.316543      61.2245   70.3398  117.0911  152.7733  160.7642  246.2931  406.8460  424.0368  463.5147  497.3872  537.0835  572.7351
  1.330977      58.6712   66.5026  115.3206  146.1024  156.5809  246.9703  404.8580  422.8029  461.6050  493.6796  538.5354  572.7887
  1.345411      55.9997   62.5831  113.4604  138.9400  152.4168  247.7736  402.9578  421.6583  459.6840  489.8172  539.9312  572.3804
  1.359844      53.2075   58.5923  111.5441  131.4390  148.1686  248.6796  401.1509  420.5904  457.7689  485.8233  541.2651  571.4810
  1.374278      50.2937   54.5435  109.6103  123.6710  143.8148  249.6656  399.4423  419.5823  455.8783  481.7268  542.5323  570.0793
  1.388712      47.2597   50.4524  107.7010  115.6761  139.3664  250.7099  397.8362  418.6153  454.0326  477.5630  543.7292  568.1836
  1.403146      44.1085   46.3365  105.8587  107.4817  134.8490  251.7916  396.3366  417.6715  452.2525  473.3732  544.8525  565.8234
  1.417579      40.8450   42.2139   99.1091  104.1245  130.2980  252.8905  394.9466  416.7360  450.5581  469.2050  545.8992  563.0494
  1.432013      37.4761   38.1032   90.5771  102.5353  125.7567  253.9869  393.6691  415.7995  448.9680  465.1114  546.8668  559.9334
  1.446447      34.0097   34.0223   81.9028  101.1213  121.2776  255.0612  392.5065  414.8598  447.4984  461.1500  547.7527  556.5667
  1.460881      29.9873   30.4546   73.1027   99.9032  116.9210  256.0936  391.4610  413.9230  446.1622  457.3811  548.5536  553.0577
  1.475314      26.0115   26.8205   64.1929   98.8907  112.7586  257.0650  390.5344  413.0034  444.9694  453.8670  549.2428  549.5519
  1.489748      22.1041   23.1172   55.1890   98.0822  108.8714  257.9559  389.7282  412.1223  443.9270  450.6693  546.0987  549.8980
  1.504182      18.2698   19.3546   46.1065   97.4645  105.3492  258.7479  389.0438  411.3063  443.0398  447.8472  542.9163  550.4310
  1.518616      14.5077   15.5427   36.9599   97.0156  102.2869  259.4235  388.4823  410.5846  442.3108  445.4551  540.1019  550.8710
  1.533049      10.8111   11.6914   27.7638   96.7083   99.7796  259.9671  388.0446  409.9864  441.7421  443.5410  537.7740  551.2155
  1.547483       7.1674    7.8106   18.5318   96.5141   97.9149  260.3656  387.7315  409.5379  441.3349  442.1442  536.0332  551.4627
  1.561917       3.5544    3.9102    9.2791   96.4087   96.7645  260.6088  387.5433  409.2599  441.0903  441.2941  534.9565  551.6116
  1.576351      -0.0000    0.0000    0.0000   96.3756   96.3756  260.6906  387.4806  409.1657  441.0087  441.0087  534.5921  551.6613
  1.584137       2.1384    2.1384    5.4156   96.3586   96.3586  260.6392  409.1764  409.1764  440.9966  440.9966  529.2039  551.6763
  1.591922       4.2754    4.2754   10.8250   96.3076   96.3076  260.4850  409.2085  409.2085  440.9603  440.9603  529.5638  551.7207
  1.599708       6.4099    6.4099   16.2222   96.2228   96.2228  260.2290  409.2620  409.2620  440.8999  440.8999  530.1568  551.7927
  1.607494       8.5404    8.5404   21.6013   96.1043   96.1043  259.8724  409.3370  409.3370  440.8155  440.8155  530.9732  551.8892
  1.615279      10.6656   10.6656   26.9569   95.9523   95.9523  259.4170  409.4335  409.4335  440.7072  440.7072  531.9994  552.0063
  1.623065      12.7842   12.7842   32.2837   95.7672   95.7672  258.8648  409.5518  409.5518  440.5753  440.5753  533.2186  552.1390
  1.630851      14.8949   14.8949   37.5769   95.5493   95.5493  258.2182  409.6917  409.6917  440.4200  440.4200  534.6111  552.2818
  1.638637      16.9964   16.9964   42.8324   95.2990   95.2990  257.4795  409.8536  409.8536  440.2415  440.2415  536.1545  552.4285
  1.646422      19.0872   19.0872   48.0466   95.0167   95.0167  256.6512  410.0374  410.0374  440.0401  440.0401  537.8245  552.5730
  1.654208      21.1660   21.1660   53.2163   94.7029   94.7029  255.7358  410.2432  410.2432  439.8162  439.8162  539.5954  552.7089
  1.661994      23.2315   23.2315   58.3392   94.3582   94.3582  254.7354  410.4712  410.4712  439.5702  439.5702  541.4403  552.8302
  1.669780      25.2823   25.2823   63.4135   93.9830   93.9830  253.6520  410.7215  410.7215  439.3024  439.3024  543.3318  552.9314
  1.677565      27.3169   27.3169   68.4381   93.5778   93.5778  252.4872  410.9939  410.9939  439.0132  439.0132  545.2427  553.0076
  1.685351      29.3342   29.3342   73.4125   93.1431   93.1431  251.2421  411.2885  411.2885  438.7031  438.7031  547.1460  553.0550
  1.693137      31.3327   31.3327   78.3366   92.6794   92.6794  249.9176  411.6053  411.6053  438.3726  438.3726  549.0160  553.0706
  1.700923      33.3110   33.3110   83.2111   92.1873   92.1873  248.5138  411.9440  411.9440  438.0220  438.0220  550.8281  553.0528
  1.708708      35.2678   35.2678   88.0370   91.6671   91.6671  247.0307  412.3046  412.3046  437.6519  437.6519  552.5596  553.0013
  1.716494      37.2018   37.2018   91.1187   91.1187   92.8151  245.4672  412.6866  412.6866  437.2627  437.2627  552.9166  554.1896
  1.724280      39.1118   39.1118   90.5435   90.5435   97.5481  243.8231  413.0900  413.0900  436.8550  436.8550  552.8022  555.7001
  1.732066      40.9966   40.9966   89.9411   89.9411  102.2374  242.0966  413.5141  413.5141  436.4293  436.4293  552.6614  557.0751
  1.739851      42.8548   42.8548   89.3118   89.3118  106.8848  240.2860  413.9585  413.9585  435.9861  435.9861  552.4993  558.3015
  1.747637      44.6853   44.6853   88.6559   88.6559  111.4923  238.3892  414.4227  414.4227  435.5259  435.5259  552.3223  559.3692
  1.755423      46.4871   46.4871   87.9732   87.9732  116.0616  236.4039  414.9060  414.9060  435.0493  435.0493  552.1379  560.2708
  1.763209      48.2591   48.2591   87.2638   87.2638  120.5944  234.3279  415.4077  415.4077  434.5569  434.5569  551.9544  561.0022
  1.770994      50.0003   50.0003   86.5277   86.5277  125.0917  232.1588  415.9269  415.9269  434.0492  434.0492  551.7809  561.5618
  1.778780      51.7099   51.7099   85.7647   85.7647  129.5546  229.8941  416.4627  416.4627  433.5268  433.5268  551.6267  561.9512
  1.786566      53.3869   53.3869   84.9744   84.9744  133.9831  227.5314  417.0143  417.0143  432.9904  432.9904  551.5017  562.1745
  1.794352      55.0307   55.0307   84.1567   84.1567  138.3772  225.0688  417.5805  417.5805  432.4406  432.4406  551.4152  562.2385
  1.802137      56.6406   56.6406   83.3112   83.3112  142.7359  222.5043  418.1603  418.1603  431.8782  431.8782  551.3765  562.1524
  1.809923      58.2161   58.2161   82.4374   82.4374  147.0577  219.8366  418.7526  418.7526  431.3037  431.3037  551.3939  561.9274
  1.817709      59.7567   59.7567   81.5348   81.5348  151.3404  217.0643  419.3561  419.3561  430.7180  430.7180  551.4747  561.5767
  1.825495      61.2621   61.2621   80.6030   80.6030  155.5814  214.1869  419.9696  419.9696  430.1218  430.1218  551.6250  561.1152
  1.833280      62.7319   62.7319   79.6412   79.6412  159.7772  211.2043  420.5918  420.5918  429.5161  429.5161  551.8494  560.5587
  1.841066      64.1662   64.1662   78.6492   78.6492  163.9240  208.1172  421.2217  421.2217  428.9016  428.9016  552.1505  559.9245
  1.848852      65.5646   65.5646   77.6261   77.6261  168.0173  204.9267  421.8577  421.8577  428.2792  428.2792  552.5290  559.2298
  1.856638      66.9272   66.9272   76.5712   76.5712  172.0524  201.6347  422.4985  422.4985  427.6500  427.6500  552.9836  558.4924
  1.864423      68.2542   68.2542   75.4842   75.4842  176.0243  198.2435  423.1430  423.1430  427.0149  427.0149  553.5107  557.7300
  1.872209      69.5458   69.5458   74.3643   74.3643  179.9279  194.7564  423.7897  423.7897  426.3750  426.3750  554.1046  556.9597
  1.879995      70.8022   70.8022   73.2110   73.2110  183.7578  191.1768  424.4375  424.4375  425.7314  425.7314  554.7574  556.1977
  1.887781      72.0238   72.0238   72.0238   72.0238  187.5091  187.5091  425.0851  425.0851  425.0851  425.0851  555.4591  555.4591
  1.904431      72.1929   72.1929   72.6150   72.6150  187.4896  187.4896  425.1912  425.1912  425.3911  425.3911  555.4332  555.4332
  1.921081      72.6986   72.6986   74.3331   74.3331  187.4422  187.4422  425.5086  425.5086  426.2913  426.2913  555.3591  555.3591
  1.937731      73.5364   73.5364   77.0241   77.0241  187.3994  187.3994  426.0351  426.0351  427.7351  427.7351  555.2466  555.2466
  1.954381      74.6980   74.6980   80.4701   80.4701  187.4124  187.4124  426.7671  426.7671  429.6443  429.6443  555.1109  555.1109
  1.971031      76.1709   76.1709   84.4258   84.4258  187.5459  187.5459  427.6992  427.6992  431.9209  431.9209  554.9693  554.9693
  1.987681      77.9379   77.9379   88.6493   88.6493  187.8732  187.8732  428.8245  428.8245  434.4569  434.4569  554.8390  554.8390
  2.004331      79.9773   79.9773   92.9204   92.9204  188.4695  188.4695  430.1343  430.1343  437.1439  437.1439  554.7344  554.7344
  2.020981      82.2631   82.2631   97.0509   97.0509  189.4051  189.4051  431.6180  431.6180  439.8813  439.8813  554.6644  554.6644
  2.037631      84.7666   84.7666  100.8892  100.8892  190.7380  190.7380  433.2624  433.2624  442.5835  442.5835  554.6314  554.6314
  2.054281      87.4566   87.4566  104.3229  104.3229  192.5066  192.5066  435.0516  435.0516  445.1846  445.1846  554.6304  554.6304
  2.070931      90.3018   90.3018  107.2798  107.2798  194.7249  194.7249  436.9655  436.9655  447.6408  447.6408  554.6506  554.6506
  2.087581      93.2712   93.2712  109.7256  109.7256  197.3795  197.3795  438.9788  438.9788  449.9318  449.9318  554.6760  554.6760
  2.104231      96.3353   96.3353  111.6599  111.6599  200.4315  200.4315  441.0586  441.0586  452.0610  452.0610  554.6892  554.6892
  2.120881      99.4657   99.4657  113.1097  113.1097  203.8219  203.8219  443.1612  443.1612  454.0558  454.0558  554.6729  554.6729
  2.137531     102.6330  102.6330  114.1230  114.1230  207.4790  207.4790  445.2293  445.2293  455.9670  455.9670  554.6126  554.6126
  2.154181     105.8003  105.8003  114.7682  114.7682  211.3252  211.3252  447.1907  447.1907  457.8667  457.8667  554.4979  554.4979
  2.170831     108.8939  108.8939  115.1567  115.1567  215.2835  215.2835  448.9647  448.9647  459.8394  459.8394  554.3236  554.3236
  2.187481     111.6484  111.6484  115.5936  115.5936  219.2816  219.2816  450.4805  450.4805  461.9615  461.9615  554.0891  554.0891
  2.204131     113.1187  113.1187  117.0631  117.0631  223.2538  223.2538  451.6984  451.6984  464.2783  464.2783  553.7975  553.7975
  2.220781     113.1328  113.1328  119.7749  119.7749  227.1424  227.1424  452.6187  452.6187  466.7943  466.7943  553.4544  553.4544
  2.237431     112.6070  112.6070  122.8479  122.8479  230.8982  230.8982  453.2704  453.2704  469.4845  469.4845  553.0663  553.0663
  2.254081     111.8541  111.8541  126.0018  126.0018  234.4797  234.4797  453.6938  453.6938  472.3113  472.3113  552.6389  552.6389
  2.270731     110.9740  110.9740  129.1665  129.1665  237.8533  237.8533  453.9281  453.9281  475.2369  475.2369  552.1762  552.1762
  2.287381     110.0204  110.0204  132.3144  132.3144  240.9923  240.9923  454.0076  454.0076  478.2281  478.2281  551.6791  551.6791
  2.304031     109.0321  109.0321  135.4284  135.4284  243.8767  243.8767  453.9613  453.9613  481.2560  481.2560  551.1458  551.1458
  2.320681     108.0407  108.0407  138.4946  138.4946  246.4924  246.4924  453.8134  453.8134  484.2962  484.2962  550.5715  550.5715
  2.337331     107.0726  107.0726  141.4995  141.4995  248.8312  248.8312  453.5852  453.5852  487.3273  487.3273  549.9496  549.9496
  2.353981     106.1488  106.1488  144.4281  144.4281  250.8895  250.8895  453.2951  453.2951  490.3300  490.3300  549.2724  549.2724
  2.370631     105.2869  105.2869  147.2642  147.2642  252.6686  252.6686  452.9601  452.9601  493.2863  493.2863  548.5324  548.5324
  2.387281     104.5003  104.5003  149.9902  149.9902  254.1745  254.1745  452.5958  452.5958  496.1788  496.1788  547.7240  547.7240
  2.403931     103.7978  103.7978  152.5854  152.5854  255.4167  255.4167  452.2168  452.2168  498.9897  498.9897  546.8448  546.8448
  2.420581     103.1849  103.1849  155.0281  155.0281  256.4097  256.4097  451.8365  451.8365  501.6995  501.6995  545.8972  545.8972
  2.437231     102.6631  102.6631  157.2939  157.2939  257.1717  257.1717  451.4678  451.4678  504.2858  504.2858  544.8900  544.8900
  2.453881     102.2311  102.2311  159.3561  159.3561  257.7253  257.7253  451.1221  451.1221  506.7210  506.7210  543.8406  543.8406
  2.470531     101.8850  101.8850  161.1864  161.1864  258.0975  258.0975  450.8100  450.8100  508.9692  508.9692  542.7772  542.7772
  2.487181     101.6189  101.6189  162.7546  162.7546  258.3195  258.3195  450.5407  450.5407  510.9829  510.9829  541.7420  541.7420
  2.503831     101.4252  101.4252  164.0293  164.0293  258.4259  258.4259  450.3221  450.3221  512.6990  512.6990  540.7943  540.7943
  2.520481     101.2961  101.2961  164.9794  164.9794  258.4542  258.4542  450.1603  450.1603  514.0375  514.0375  540.0108  540.0108
  2.537131     101.2236  101.2236  165.5750  165.5750  258.4431  258.4431  450.0601  450.0601  514.9077  514.9077  539.4796  539.4796
  2.553781     101.2001  101.2001  165.7895  165.7895  258.4304  258.4304  450.0246  450.0246  515.2269  515.2269  539.2801  539.2801
  2.561566     101.2714  101.2813  165.0286  166.5397  258.4027  258.4052  450.0494  450.0578  514.3490  516.0987  539.2665  539.2670
  2.569352     101.4948  101.5146  164.2577  167.2784  258.3222  258.3272  450.1326  450.1493  513.4664  516.9633  539.2262  539.2272
  2.577138     101.8683  101.8978  163.4780  168.0046  258.1891  258.1967  450.2738  450.2989  512.5804  517.8194  539.1594  539.1609
  2.584923     102.3882  102.4272  162.6903  168.7178  258.0038  258.0139  450.4728  450.5061  511.6923  518.6659  539.0663  539.0682
  2.592709     103.0499  103.0981  161.8958  169.4171  257.7669  257.7795  450.7291  450.7706  510.8034  519.5016  538.9471  538.9495
  2.600495     103.8474  103.9046  161.0956  170.1021  257.4789  257.4940  451.0423  451.0918  509.9153  520.3254  538.8021  538.8051
  2.608281     104.7735  104.8392  160.2908  170.7720  257.1408  257.1584  451.4115  451.4689  509.0292  521.1363  538.6318  538.6354
  2.616066     105.8210  105.8948  159.4828  171.4264  256.7535  256.7737  451.8362  451.9013  508.1468  521.9332  538.4367  538.4409
  2.623852     106.9808  107.0623  158.6730  172.0646  256.3183  256.3410  452.3151  452.3878  507.2694  522.7150  538.2174  538.2222
  2.631638     108.2439  108.3326  157.8626  172.6863  255.8366  255.8618  452.8470  452.9271  506.3986  523.4809  537.9744  537.9799
  2.639424     109.6005  109.6960  157.0533  173.2910  255.3098  255.3376  453.4305  453.5177  505.5358  524.2300  537.7086  537.7147
  2.647209     111.0407  111.1424  156.2464  173.8783  254.7399  254.7702  454.0639  454.1581  504.6826  524.9613  537.4205  537.4273
  2.654995     112.5543  112.6617  155.4436  174.4478  254.1287  254.1615  454.7452  454.8461  503.8406  525.6739  537.1110  537.1187
  2.662781     114.1309  114.2437  154.6465  174.9991  253.4785  253.5138  455.4722  455.5795  503.0114  526.3671  536.7811  536.7896
  2.670567     115.7604  115.8780  153.8570  175.5320  252.7918  252.8297  456.2423  456.3559  502.1965  527.0402  536.4319  536.4413
  2.678352     117.4325  117.5545  153.0767  176.0460  252.0713  252.1117  457.0526  457.1722  501.3975  527.6922  536.0641  536.0744
  2.686138     119.1371  119.2629  152.3075  176.5409  251.3199  251.3628  457.8999  458.0252  500.6159  528.3226  535.6790  535.6904
  2.693924     120.8641  120.9935  151.5512  177.0165  250.5409  250.5864  458.7806  458.9114  499.8533  528.9306  535.2779  535.2904
  2.701710     122.6039  122.7363  150.8097  177.4724  249.7380  249.7859  459.6907  459.8267  499.1113  529.5156  534.8622  534.8759
  2.709495     124.3467  124.4818  150.0849  177.9085  248.9149  248.9653  460.6258  460.7668  498.3915  530.0770  534.4334  534.4486
  2.717281     126.0833  126.2207  149.3790  178.3246  248.0759  248.1288  461.5813  461.7270  497.6954  530.6140  533.9933  534.0101
  2.725067     127.8043  127.9437  148.6938  178.7204  247.2255  247.2808  462.5517  462.7019  497.0244  531.1260  533.5437  533.5626
  2.732853     129.5007  129.6418  148.0313  179.0958  246.3686  246.4263  463.5317  463.6861  496.3801  531.6117  533.0868  533.1091
  2.740638     131.1636  131.3062  147.3936  179.4506  245.5103  245.5704  464.5150  464.6736  495.7639  532.0653  532.6250  532.6573
  2.748424     132.7843  132.9279  146.7825  179.7847  244.6563  244.7186  465.4954  465.6578  495.1772  532.1573  532.1609  532.5387
  2.756210     134.3539  134.4985  146.2002  180.0978  243.8122  243.8769  466.4659  466.6319  494.6214  531.6975  531.7114  532.9324
  2.763996     135.8641  136.0094  145.6483  180.3899  242.9844  243.0513  467.4194  467.5888  494.0978  531.2380  531.2561  533.3127
  2.771781     137.3063  137.4521  145.1289  180.6608  242.1793  242.2482  468.3483  468.5210  493.6076  530.7860  530.8067  533.6676
  2.779567     138.6722  138.8184  144.6437  180.9105  241.4034  241.4744  469.2449  469.4206  493.1519  530.3455  530.3682  533.9955
  2.787353     139.9536  140.1000  144.1943  181.1388  240.6637  240.7365  470.1010  470.2796  492.7320  529.9206  529.9451  534.2960
  2.795139     141.1426  141.2891  143.7825  181.3456  239.9671  240.0417  470.9086  471.0898  492.3488  529.5159  529.5420  534.5687
  2.802924     142.2313  142.3778  143.4098  181.5309  239.3204  239.3966  471.6594  471.8430  492.0033  529.1359  529.1636  534.8134
  2.810710     143.0767  143.2124  143.3595  181.6945  238.7304  238.8081  472.3453  472.5312  491.6963  528.7856  528.8147  535.0297
  2.818496     142.7864  144.0787  144.2253  181.8365  238.2036  238.2827  472.9586  473.1464  491.4286  528.4696  528.5001  535.2175
  2.826282     142.5385  144.8241  144.9705  181.9567  237.7462  237.8264  473.4919  473.6814  491.2010  528.1928  528.2244  535.3767
  2.834067     142.3343  145.4423  145.5887  182.0551  237.3637  237.4448  473.9383  474.1293  491.0139  527.9594  527.9920  535.5072
  2.841853     142.1746  145.9287  146.0749  182.1317  237.0608  237.1428  474.2921  474.4843  490.8679  527.7734  527.8068  535.6087
  2.849639     142.0601  146.2790  146.4252  182.1864  236.8416  236.9241  474.5485  474.7415  490.7634  527.6381  527.6721  535.6813
  2.857425     141.9912  146.4905  146.6366  182.2192  236.7088  236.7916  474.7038  474.8973  490.7005  527.5559  527.5902  535.7249
  2.865210     141.9682  146.5612  146.7072  182.2302  236.6644  236.7473  474.7558  474.9494  490.6796  527.5283  527.5627  535.7394
