Dynamical matrix file
phonon at Gamma                                                            
  2    4   0   6.2005053   0.0000000   0.0000000   0.0000000   0.0000000   0.0000000
Basis vectors
      1.000000000    0.000000000    0.000000000
     -0.500000000    0.866025404    0.000000000
      0.000000000    0.000000000    1.607374930
           1  'Zn     '    59590.2246144440     
           2  'O      '    14582.1964454954     
    1    1      0.0000000003      0.5773502692     -0.0002180740
    2    1      0.5000000002      0.2886751346      0.8034693908
    3    2      0.0000000003      0.5773502692      0.6110205472
    4    2      0.5000000002      0.2886751346      1.4147080120

     Dynamical  Matrix in cartesian axes

     q = (    0.000000000   0.000000000   0.000000000 ) 

    1    1
  0.14238195   0.00000000    -0.00000000   0.00000000    -0.00000000   0.00000000
 -0.00000000   0.00000000     0.14238195   0.00000000    -0.00000000   0.00000000
 -0.00000000   0.00000000    -0.00000000   0.00000000     0.21322001   0.00000000
    1    2
 -0.00935421   0.00000000     0.00000000   0.00000000     0.00000000   0.00000000
  0.00000000   0.00000000    -0.00935421   0.00000000     0.00000000   0.00000000
  0.00000000   0.00000000     0.00000000   0.00000000    -0.09878598   0.00000000
    1    3
 -0.00304020   0.00000000     0.00000000   0.00000000     0.00000000   0.00000000
  0.00000000   0.00000000    -0.00304020   0.00000000     0.00000000   0.00000000
  0.00000000   0.00000000     0.00000000   0.00000000    -0.08421768   0.00000000
    1    4
 -0.12722950   0.00000000     0.00000000   0.00000000    -0.00000000   0.00000000
  0.00000000   0.00000000    -0.12722950   0.00000000    -0.00000000   0.00000000
 -0.00000000   0.00000000     0.00000000   0.00000000    -0.03088699   0.00000000
    2    1
 -0.00935421   0.00000000     0.00000000   0.00000000     0.00000000   0.00000000
  0.00000000   0.00000000    -0.00935421   0.00000000     0.00000000   0.00000000
  0.00000000   0.00000000     0.00000000   0.00000000    -0.09878598   0.00000000
    2    2
  0.14238195   0.00000000    -0.00000000   0.00000000     0.00000000   0.00000000
 -0.00000000   0.00000000     0.14238195   0.00000000     0.00000000   0.00000000
  0.00000000   0.00000000     0.00000000   0.00000000     0.21322001   0.00000000
    2    3
 -0.12722950   0.00000000     0.00000000   0.00000000    -0.00000000   0.00000000
  0.00000000   0.00000000    -0.12722950   0.00000000    -0.00000000   0.00000000
  0.00000000   0.00000000    -0.00000000   0.00000000    -0.03088699   0.00000000
    2    4
 -0.00304020   0.00000000     0.00000000   0.00000000     0.00000000   0.00000000
  0.00000000   0.00000000    -0.00304020   0.00000000     0.00000000   0.00000000
  0.00000000   0.00000000     0.00000000   0.00000000    -0.08421768   0.00000000
    3    1
 -0.00304020   0.00000000     0.00000000   0.00000000     0.00000000   0.00000000
  0.00000000   0.00000000    -0.00304020   0.00000000     0.00000000   0.00000000
  0.00000000   0.00000000     0.00000000   0.00000000    -0.08421768   0.00000000
    3    2
 -0.12722950   0.00000000     0.00000000   0.00000000     0.00000000   0.00000000
  0.00000000   0.00000000    -0.12722950   0.00000000     0.00000000   0.00000000
  0.00000000   0.00000000     0.00000000   0.00000000    -0.03088699   0.00000000
    3    3
  0.14843064   0.00000000    -0.00000000   0.00000000     0.00000000   0.00000000
 -0.00000000   0.00000000     0.14843064   0.00000000     0.00000000   0.00000000
  0.00000000   0.00000000     0.00000000   0.00000000     0.21457081   0.00000000
    3    4
 -0.01752894   0.00000000     0.00000000   0.00000000     0.00000000   0.00000000
  0.00000000   0.00000000    -0.01752894   0.00000000     0.00000000   0.00000000
  0.00000000   0.00000000     0.00000000   0.00000000    -0.09832643   0.00000000
    4    1
 -0.12722950   0.00000000     0.00000000   0.00000000     0.00000000   0.00000000
  0.00000000   0.00000000    -0.12722950   0.00000000     0.00000000   0.00000000
 -0.00000000   0.00000000    -0.00000000   0.00000000    -0.03088699   0.00000000
    4    2
 -0.00304020   0.00000000     0.00000000   0.00000000     0.00000000   0.00000000
  0.00000000   0.00000000    -0.00304020   0.00000000     0.00000000   0.00000000
  0.00000000   0.00000000     0.00000000   0.00000000    -0.08421768   0.00000000
    4    3
 -0.01752894   0.00000000     0.00000000   0.00000000    -0.00000000   0.00000000
  0.00000000   0.00000000    -0.01752894   0.00000000     0.00000000   0.00000000
  0.00000000   0.00000000     0.00000000   0.00000000    -0.09832643   0.00000000
    4    4
  0.14843064   0.00000000    -0.00000000   0.00000000     0.00000000   0.00000000
 -0.00000000   0.00000000     0.14843064   0.00000000     0.00000000   0.00000000
  0.00000000   0.00000000     0.00000000   0.00000000     0.21457081   0.00000000

     Dielectric Tensor:

          7.197505900261         -0.000000003578          0.000000000000
         -0.000000003578          7.197505899954          0.000000000000
          0.000000000000          0.000000000000          6.738888540693

     Effective Charges E-U: Z_{alpha}{s,beta}

     atom #    1
          2.197483892833          0.000000010277         -0.000000000000
          0.000000010277          2.197483893713          0.000000000000
          0.000000000000          0.000000000000          2.227513026722
     atom #    2
          2.197483892833          0.000000010277          0.000000000000
          0.000000010277          2.197483893713         -0.000000000000
          0.000000000000          0.000000000000          2.227513026722
     atom #    3
         -2.236979206560          0.000000004755          0.000000000000
          0.000000004755         -2.236979206153         -0.000000000000
         -0.000000000000          0.000000000000         -2.250695267522
     atom #    4
         -2.236979206560          0.000000004755          0.000000000000
          0.000000004755         -2.236979206153         -0.000000000000
          0.000000000000          0.000000000000         -2.250695267522

     Diagonalizing the dynamical matrix

     q = (    0.000000000   0.000000000   0.000000000 ) 

 **************************************************************************
     freq (    1) =       0.258967 [THz] =       8.638223 [cm-1]
 ( -0.000000  0.000000  0.000000  0.000000 -0.502264  0.000000 ) 
 ( -0.000000  0.000000  0.000000  0.000000 -0.502264  0.000000 ) 
 ( -0.000000  0.000000  0.000000  0.000000 -0.497726  0.000000 ) 
 ( -0.000000  0.000000  0.000000  0.000000 -0.497726  0.000000 ) 
     freq (    2) =       0.703324 [THz] =      23.460350 [cm-1]
 (  0.345852  0.000000  0.360999  0.000000 -0.000000  0.000000 ) 
 (  0.345852  0.000000  0.360999  0.000000 -0.000000  0.000000 ) 
 (  0.345943  0.000000  0.361095  0.000000 -0.000000  0.000000 ) 
 (  0.345943  0.000000  0.361095  0.000000 -0.000000  0.000000 ) 
     freq (    3) =       0.703324 [THz] =      23.460350 [cm-1]
 (  0.360999  0.000000 -0.345852  0.000000 -0.000000  0.000000 ) 
 (  0.360999  0.000000 -0.345852  0.000000 -0.000000  0.000000 ) 
 (  0.361095  0.000000 -0.345943  0.000000 -0.000000  0.000000 ) 
 (  0.361095  0.000000 -0.345943  0.000000 -0.000000  0.000000 ) 
     freq (    4) =       3.049847 [THz] =     101.731953 [cm-1]
 (  0.380232  0.000000  0.396869  0.000000 -0.000000  0.000000 ) 
 ( -0.380232  0.000000 -0.396869  0.000000 -0.000000  0.000000 ) 
 ( -0.307773  0.000000 -0.321239  0.000000 -0.000000  0.000000 ) 
 (  0.307773  0.000000  0.321239  0.000000 -0.000000  0.000000 ) 
     freq (    5) =       3.049847 [THz] =     101.731953 [cm-1]
 (  0.396869  0.000000 -0.380232  0.000000 -0.000000  0.000000 ) 
 ( -0.396869  0.000000  0.380232  0.000000 -0.000000  0.000000 ) 
 ( -0.321239  0.000000  0.307773  0.000000 -0.000000  0.000000 ) 
 (  0.321239  0.000000 -0.307773  0.000000 -0.000000  0.000000 ) 
     freq (    6) =       7.383138 [THz] =     246.274970 [cm-1]
 ( -0.000000  0.000000  0.000000  0.000000  0.690196  0.000000 ) 
 ( -0.000000  0.000000 -0.000000  0.000000 -0.690196  0.000000 ) 
 (  0.000000  0.000000  0.000000  0.000000  0.153719  0.000000 ) 
 ( -0.000000  0.000000  0.000000  0.000000 -0.153719  0.000000 ) 
     freq (    7) =      10.343829 [THz] =     345.032996 [cm-1]
 ( -0.000000  0.000000  0.000000  0.000000  0.166642  0.000000 ) 
 ( -0.000000  0.000000  0.000000  0.000000  0.166642  0.000000 ) 
 (  0.000000  0.000000 -0.000000  0.000000 -0.687190  0.000000 ) 
 (  0.000000  0.000000 -0.000000  0.000000 -0.687190  0.000000 ) 
     freq (    8) =      10.991956 [THz] =     366.652175 [cm-1]
 ( -0.116306  0.000000 -0.121394  0.000000 -0.000000  0.000000 ) 
 ( -0.116306  0.000000 -0.121394  0.000000 -0.000000  0.000000 ) 
 (  0.475158  0.000000  0.495945  0.000000  0.000000  0.000000 ) 
 (  0.475158  0.000000  0.495945  0.000000  0.000000  0.000000 ) 
     freq (    9) =      10.991956 [THz] =     366.652175 [cm-1]
 (  0.121394  0.000000 -0.116306  0.000000  0.000000  0.000000 ) 
 (  0.121394  0.000000 -0.116306  0.000000  0.000000  0.000000 ) 
 ( -0.495945  0.000000  0.475158  0.000000 -0.000000  0.000000 ) 
 ( -0.495945  0.000000  0.475158  0.000000 -0.000000  0.000000 ) 
     freq (   10) =      11.892621 [THz] =     396.695132 [cm-1]
 ( -0.095049  0.000000 -0.099207  0.000000 -0.000000  0.000000 ) 
 (  0.095049  0.000000  0.099207  0.000000 -0.000000  0.000000 ) 
 ( -0.479862  0.000000 -0.500855  0.000000  0.000000  0.000000 ) 
 (  0.479862  0.000000  0.500855  0.000000  0.000000  0.000000 ) 
     freq (   11) =      11.892621 [THz] =     396.695132 [cm-1]
 (  0.099207  0.000000 -0.095049  0.000000  0.000000  0.000000 ) 
 ( -0.099207  0.000000  0.095049  0.000000  0.000000  0.000000 ) 
 (  0.500855  0.000000 -0.479862  0.000000 -0.000000  0.000000 ) 
 ( -0.500855  0.000000  0.479862  0.000000 -0.000000  0.000000 ) 
     freq (   12) =      15.309896 [THz] =     510.683172 [cm-1]
 (  0.000000  0.000000 -0.000000  0.000000  0.038481  0.000000 ) 
 ( -0.000000  0.000000  0.000000  0.000000 -0.038481  0.000000 ) 
 (  0.000000  0.000000 -0.000000  0.000000 -0.706059  0.000000 ) 
 ( -0.000000  0.000000  0.000000  0.000000  0.706059  0.000000 ) 
 **************************************************************************
