ATOMIC_POSITIONS crystal
Zn 0.3333333334 0.1666666667 0.2503369419  
Zn 0.1666666666 0.3333333333 0.0003369419  
O 0.3333333334 0.1666666667 0.4398180581  
O 0.1666666666 0.3333333333 0.1898180581  
Zn 0.3333333334 0.1666666667 0.7503369419  
Zn 0.1666666666 0.3333333333 0.5003369419  
O 0.3333333334 0.1666666667 0.9398180581  
O 0.1666666666 0.3333333333 0.6898180581  
Zn 0.3333333333 0.6666666666 0.2503369419  
Zn 0.1666666666 0.8333333334 0.0003369419  
O 0.3333333333 0.6666666666 0.4398180581  
O 0.1666666666 0.8333333334 0.1898180581  
Zn 0.3333333333 0.6666666666 0.7503369419  
Zn 0.1666666666 0.8333333334 0.5003369419  
O 0.3333333333 0.6666666666 0.9398180581  
O 0.1666666666 0.8333333334 0.6898180581  
Zn 0.8333333334 0.1666666667 0.2503369419  
Zn 0.6666666666 0.3333333333 0.0003369419  
O 0.8333333334 0.1666666667 0.4398180581  
O 0.6666666666 0.3333333333 0.1898180581  
Zn 0.8333333334 0.1666666667 0.7503369419  
Zn 0.6666666666 0.3333333333 0.5003369419  
O 0.8333333334 0.1666666667 0.9398180581  
O 0.6666666666 0.3333333333 0.6898180581  
Zn 0.8333333334 0.6666666666 0.2503369419  
Zn 0.6666666666 0.8333333334 0.0003369419  
O 0.8333333334 0.6666666666 0.4398180581  
O 0.6666666666 0.8333333334 0.1898180581  
Zn 0.8333333334 0.6666666666 0.7503369419  
Zn 0.6666666666 0.8333333334 0.5003369419  
O 0.8333333334 0.6666666666 0.9398180581  
O 0.6666666666 0.8333333334 0.6898180581  

