highest_occupied lowest_unoccupied Egap
ZnO-PBEU-10.00_10.00.out 7.0464 11.1901 4.1437
ZnO-PBEU-10.00_10.50.out 6.9622 11.2426 4.2804
ZnO-PBEU-10.00_11.00.out 6.8783 11.2941 4.4158
ZnO-PBEU-10.00_11.50.out 6.7947 11.3444 4.5497
ZnO-PBEU-10.00_12.00.out 6.7116 11.3938 4.6822
ZnO-PBEU-10.00_4.00.out 8.0327 10.4534 2.4207
ZnO-PBEU-10.00_4.50.out 7.9550 10.5234 2.5684
ZnO-PBEU-10.00_5.00.out 7.8759 10.5915 2.7156
ZnO-PBEU-10.00_5.50.out 7.7958 10.6580 2.8622
ZnO-PBEU-10.00_6.00.out 7.7147 10.7229 3.0082
ZnO-PBEU-10.00_6.50.out 7.6328 10.7862 3.1534
ZnO-PBEU-10.00_7.00.out 7.5502 10.8480 3.2978
ZnO-PBEU-10.00_7.50.out 7.4669 10.9084 3.4415
ZnO-PBEU-10.00_8.00.out 7.3832 10.9673 3.5841
ZnO-PBEU-10.00_8.50.out 7.2992 11.0249 3.7257
ZnO-PBEU-10.00_9.00.out 7.2150 11.0812 3.8662
ZnO-PBEU-10.00_9.50.out 7.1307 11.1363 4.0056
ZnO-PBEU-10.50_10.00.out 7.0079 11.1850 4.1771
ZnO-PBEU-10.50_10.50.out 6.9220 11.2375 4.3155
ZnO-PBEU-10.50_11.00.out 6.8362 11.2891 4.4529
ZnO-PBEU-10.50_11.50.out 6.7507 11.3394 4.5887
ZnO-PBEU-10.50_12.00.out 6.6657 11.3887 4.723
ZnO-PBEU-10.50_4.00.out 8.0105 10.4485 2.438
ZnO-PBEU-10.50_4.50.out 7.9317 10.5184 2.5867
ZnO-PBEU-10.50_5.00.out 7.8516 10.5865 2.7349
ZnO-PBEU-10.50_5.50.out 7.7702 10.6530 2.8828
ZnO-PBEU-10.50_6.00.out 7.6879 10.7179 3.03
ZnO-PBEU-10.50_6.50.out 7.6048 10.7812 3.1764
ZnO-PBEU-10.50_7.00.out 7.5209 10.8431 3.3222
ZnO-PBEU-10.50_7.50.out 7.4362 10.9034 3.4672
ZnO-PBEU-10.50_8.00.out 7.3511 10.9623 3.6112
ZnO-PBEU-10.50_8.50.out 7.2656 11.0199 3.7543
ZnO-PBEU-10.50_9.00.out 7.1798 11.0762 3.8964
ZnO-PBEU-10.50_9.50.out 7.0939 11.1312 4.0373
ZnO-PBEU-11.00_10.00.out 6.9712 11.1801 4.2089
ZnO-PBEU-11.00_10.50.out 6.8837 11.2327 4.349
ZnO-PBEU-11.00_11.00.out 6.7961 11.2841 4.488
ZnO-PBEU-11.00_11.50.out 6.7088 11.3344 4.6256
ZnO-PBEU-11.00_12.00.out 6.6218 11.3838 4.762
ZnO-PBEU-11.00_4.00.out 7.9892 10.4436 2.4544
ZnO-PBEU-11.00_4.50.out 7.9095 10.5136 2.6041
ZnO-PBEU-11.00_5.00.out 7.8283 10.5817 2.7534
ZnO-PBEU-11.00_5.50.out 7.7459 10.6481 2.9022
ZnO-PBEU-11.00_6.00.out 7.6624 10.7130 3.0506
ZnO-PBEU-11.00_6.50.out 7.5781 10.7764 3.1983
ZnO-PBEU-11.00_7.00.out 7.4929 10.8382 3.3453
ZnO-PBEU-11.00_7.50.out 7.4070 10.8985 3.4915
ZnO-PBEU-11.00_8.00.out 7.3204 10.9574 3.637
ZnO-PBEU-11.00_8.50.out 7.2335 11.0150 3.7815
ZnO-PBEU-11.00_9.00.out 7.1463 11.0713 3.925
ZnO-PBEU-11.00_9.50.out 7.0588 11.1263 4.0675
ZnO-PBEU-11.50_10.00.out 6.9362 11.1753 4.2391
ZnO-PBEU-11.50_10.50.out 6.8470 11.2279 4.3809
ZnO-PBEU-11.50_11.00.out 6.7578 11.2793 4.5215
ZnO-PBEU-11.50_11.50.out 6.6688 11.3296 4.6608
ZnO-PBEU-11.50_12.00.out 6.5801 11.3789 4.7988
ZnO-PBEU-11.50_4.00.out 7.9689 10.4389 2.47
ZnO-PBEU-11.50_4.50.out 7.8882 10.5088 2.6206
ZnO-PBEU-11.50_5.00.out 7.8060 10.5769 2.7709
ZnO-PBEU-11.50_5.50.out 7.7226 10.6434 2.9208
ZnO-PBEU-11.50_6.00.out 7.6380 10.7083 3.0703
ZnO-PBEU-11.50_6.50.out 7.5526 10.7716 3.219
ZnO-PBEU-11.50_7.00.out 7.4662 10.8334 3.3672
ZnO-PBEU-11.50_7.50.out 7.3790 10.8937 3.5147
ZnO-PBEU-11.50_8.00.out 7.2912 10.9526 3.6614
ZnO-PBEU-11.50_8.50.out 7.2029 11.0102 3.8073
ZnO-PBEU-11.50_9.00.out 7.1143 11.0665 3.9522
ZnO-PBEU-11.50_9.50.out 7.0253 11.1215 4.0962
ZnO-PBEU-12.00_10.00.out 6.9028 11.1706 4.2678
ZnO-PBEU-12.00_10.50.out 6.8121 11.2232 4.4111
ZnO-PBEU-12.00_11.00.out 6.7213 11.2745 4.5532
ZnO-PBEU-12.00_11.50.out 6.6306 11.3248 4.6942
ZnO-PBEU-12.00_12.00.out 6.5402 11.3742 4.834
ZnO-PBEU-12.00_4.00.out 7.9494 10.4342 2.4848
ZnO-PBEU-12.00_4.50.out 7.8678 10.5042 2.6364
ZnO-PBEU-12.00_5.00.out 7.7847 10.5723 2.7876
ZnO-PBEU-12.00_5.50.out 7.7003 10.6387 2.9384
ZnO-PBEU-12.00_6.00.out 7.6147 10.7036 3.0889
ZnO-PBEU-12.00_6.50.out 7.5282 10.7669 3.2387
ZnO-PBEU-12.00_7.00.out 7.4407 10.8287 3.388
ZnO-PBEU-12.00_7.50.out 7.3523 10.8890 3.5367
ZnO-PBEU-12.00_8.00.out 7.2633 10.9479 3.6846
ZnO-PBEU-12.00_8.50.out 7.1736 11.0055 3.8319
ZnO-PBEU-12.00_9.00.out 7.0837 11.0618 3.9781
ZnO-PBEU-12.00_9.50.out 6.9933 11.1168 4.1235
ZnO-PBEU-4.00_10.00.out 7.6993 11.2595 3.5602
ZnO-PBEU-4.00_10.50.out 7.6440 11.3121 3.6681
ZnO-PBEU-4.00_11.00.out 7.5896 11.3637 3.7741
ZnO-PBEU-4.00_11.50.out 7.5365 11.4141 3.8776
ZnO-PBEU-4.00_12.00.out 7.4844 11.4635 3.9791
ZnO-PBEU-4.00_4.00.out 8.4064 10.5218 2.1154
ZnO-PBEU-4.00_4.50.out 8.3471 10.5919 2.2448
ZnO-PBEU-4.00_5.00.out 8.2874 10.6602 2.3728
ZnO-PBEU-4.00_5.50.out 8.2276 10.7268 2.4992
ZnO-PBEU-4.00_6.00.out 8.1675 10.7917 2.6242
ZnO-PBEU-4.00_6.50.out 8.1075 10.8551 2.7476
ZnO-PBEU-4.00_7.00.out 8.0477 10.9171 2.8694
ZnO-PBEU-4.00_7.50.out 7.9882 10.9775 2.9893
ZnO-PBEU-4.00_8.00.out 7.9291 11.0365 3.1074
ZnO-PBEU-4.00_8.50.out 7.8706 11.0942 3.2236
ZnO-PBEU-4.00_9.00.out 7.8127 11.1506 3.3379
ZnO-PBEU-4.00_9.50.out 7.7556 11.2057 3.4501
ZnO-PBEU-4.50_10.00.out 7.6280 11.2530 3.625
ZnO-PBEU-4.50_10.50.out 7.5696 11.3057 3.7361
ZnO-PBEU-4.50_11.00.out 7.5123 11.3572 3.8449
ZnO-PBEU-4.50_11.50.out 7.4561 11.4076 3.9515
ZnO-PBEU-4.50_12.00.out 7.4009 11.4570 4.0561
ZnO-PBEU-4.50_4.00.out 8.3653 10.5154 2.1501
ZnO-PBEU-4.50_4.50.out 8.3039 10.5854 2.2815
ZnO-PBEU-4.50_5.00.out 8.2421 10.6537 2.4116
ZnO-PBEU-4.50_5.50.out 8.1800 10.7203 2.5403
ZnO-PBEU-4.50_6.00.out 8.1176 10.7853 2.6677
ZnO-PBEU-4.50_6.50.out 8.0552 10.8487 2.7935
ZnO-PBEU-4.50_7.00.out 7.9929 10.9106 2.9177
ZnO-PBEU-4.50_7.50.out 7.9308 10.9710 3.0402
ZnO-PBEU-4.50_8.00.out 7.8691 11.0300 3.1609
ZnO-PBEU-4.50_8.50.out 7.8078 11.0876 3.2798
ZnO-PBEU-4.50_9.00.out 7.7471 11.1440 3.3969
ZnO-PBEU-4.50_9.50.out 7.6872 11.1991 3.5119
ZnO-PBEU-5.00_10.00.out 7.5603 11.2466 3.6863
ZnO-PBEU-5.00_10.50.out 7.4991 11.2993 3.8002
ZnO-PBEU-5.00_11.00.out 7.4388 11.3508 3.912
ZnO-PBEU-5.00_11.50.out 7.3795 11.4012 4.0217
ZnO-PBEU-5.00_12.00.out 7.3214 11.4506 4.1292
ZnO-PBEU-5.00_4.00.out 8.3264 10.5091 2.1827
ZnO-PBEU-5.00_4.50.out 8.2631 10.5791 2.316
ZnO-PBEU-5.00_5.00.out 8.1993 10.6474 2.4481
ZnO-PBEU-5.00_5.50.out 8.1349 10.7140 2.5791
ZnO-PBEU-5.00_6.00.out 8.0704 10.7789 2.7085
ZnO-PBEU-5.00_6.50.out 8.0058 10.8424 2.8366
ZnO-PBEU-5.00_7.00.out 7.9410 10.9042 2.9632
ZnO-PBEU-5.00_7.50.out 7.8765 10.9647 3.0882
ZnO-PBEU-5.00_8.00.out 7.8122 11.0237 3.2115
ZnO-PBEU-5.00_8.50.out 7.7483 11.0812 3.3329
ZnO-PBEU-5.00_9.00.out 7.6849 11.1376 3.4527
ZnO-PBEU-5.00_9.50.out 7.6223 11.1928 3.5705
ZnO-PBEU-5.50_10.00.out 7.4961 11.2404 3.7443
ZnO-PBEU-5.50_10.50.out 7.4321 11.2930 3.8609
ZnO-PBEU-5.50_11.00.out 7.3690 11.3446 3.9756
ZnO-PBEU-5.50_11.50.out 7.3069 11.3950 4.0881
ZnO-PBEU-5.50_12.00.out 7.2458 11.4444 4.1986
ZnO-PBEU-5.50_4.00.out 8.2896 10.5029 2.2133
ZnO-PBEU-5.50_4.50.out 8.2245 10.5730 2.3485
ZnO-PBEU-5.50_5.00.out 8.1587 10.6412 2.4825
ZnO-PBEU-5.50_5.50.out 8.0924 10.7078 2.6154
ZnO-PBEU-5.50_6.00.out 8.0258 10.7727 2.7469
ZnO-PBEU-5.50_6.50.out 7.9590 10.8362 2.8772
ZnO-PBEU-5.50_7.00.out 7.8920 10.8980 3.006
ZnO-PBEU-5.50_7.50.out 7.8251 10.9585 3.1334
ZnO-PBEU-5.50_8.00.out 7.7584 11.0174 3.259
ZnO-PBEU-5.50_8.50.out 7.6921 11.0751 3.383
ZnO-PBEU-5.50_9.00.out 7.6261 11.1314 3.5053
ZnO-PBEU-5.50_9.50.out 7.5608 11.1865 3.6257
ZnO-PBEU-6.00_10.00.out 7.4352 11.2343 3.7991
ZnO-PBEU-6.00_10.50.out 7.3685 11.2869 3.9184
ZnO-PBEU-6.00_11.00.out 7.3027 11.3385 4.0358
ZnO-PBEU-6.00_11.50.out 7.2378 11.3889 4.1511
ZnO-PBEU-6.00_12.00.out 7.1739 11.4382 4.2643
ZnO-PBEU-6.00_4.00.out 8.2549 10.4969 2.242
ZnO-PBEU-6.00_4.50.out 8.1880 10.5669 2.3789
ZnO-PBEU-6.00_5.00.out 8.1204 10.6352 2.5148
ZnO-PBEU-6.00_5.50.out 8.0521 10.7017 2.6496
ZnO-PBEU-6.00_6.00.out 7.9835 10.7667 2.7832
ZnO-PBEU-6.00_6.50.out 7.9147 10.8301 2.9154
ZnO-PBEU-6.00_7.00.out 7.8455 10.8920 3.0465
ZnO-PBEU-6.00_7.50.out 7.7764 10.9524 3.176
ZnO-PBEU-6.00_8.00.out 7.7075 11.0114 3.3039
ZnO-PBEU-6.00_8.50.out 7.6387 11.0690 3.4303
ZnO-PBEU-6.00_9.00.out 7.5703 11.1253 3.555
ZnO-PBEU-6.00_9.50.out 7.5024 11.1804 3.678
ZnO-PBEU-6.50_10.00.out 7.3774 11.2283 3.8509
ZnO-PBEU-6.50_10.50.out 7.3082 11.2810 3.9728
ZnO-PBEU-6.50_11.00.out 7.2397 11.3325 4.0928
ZnO-PBEU-6.50_11.50.out 7.1721 11.3829 4.2108
ZnO-PBEU-6.50_12.00.out 7.1055 11.4323 4.3268
ZnO-PBEU-6.50_4.00.out 8.2219 10.4911 2.2692
ZnO-PBEU-6.50_4.50.out 8.1534 10.5611 2.4077
ZnO-PBEU-6.50_5.00.out 8.0841 10.6293 2.5452
ZnO-PBEU-6.50_5.50.out 8.0140 10.6958 2.6818
ZnO-PBEU-6.50_6.00.out 7.9436 10.7608 2.8172
ZnO-PBEU-6.50_6.50.out 7.8727 10.8242 2.9515
ZnO-PBEU-6.50_7.00.out 7.8015 10.8860 3.0845
ZnO-PBEU-6.50_7.50.out 7.7303 10.9465 3.2162
ZnO-PBEU-6.50_8.00.out 7.6592 11.0054 3.3462
ZnO-PBEU-6.50_8.50.out 7.5882 11.0631 3.4749
ZnO-PBEU-6.50_9.00.out 7.5175 11.1194 3.6019
ZnO-PBEU-6.50_9.50.out 7.4471 11.1744 3.7273
ZnO-PBEU-7.00_10.00.out 7.3225 11.2224 3.8999
ZnO-PBEU-7.00_10.50.out 7.2509 11.2751 4.0242
ZnO-PBEU-7.00_11.00.out 7.1799 11.3266 4.1467
ZnO-PBEU-7.00_11.50.out 7.1097 11.3771 4.2674
ZnO-PBEU-7.00_12.00.out 7.0404 11.4264 4.386
ZnO-PBEU-7.00_4.00.out 8.1906 10.4853 2.2947
ZnO-PBEU-7.00_4.50.out 8.1206 10.5553 2.4347
ZnO-PBEU-7.00_5.00.out 8.0496 10.6236 2.574
ZnO-PBEU-7.00_5.50.out 7.9778 10.6900 2.7122
ZnO-PBEU-7.00_6.00.out 7.9057 10.7551 2.8494
ZnO-PBEU-7.00_6.50.out 7.8329 10.8184 2.9855
ZnO-PBEU-7.00_7.00.out 7.7599 10.8803 3.1204
ZnO-PBEU-7.00_7.50.out 7.6867 10.9407 3.254
ZnO-PBEU-7.00_8.00.out 7.6134 10.9996 3.3862
ZnO-PBEU-7.00_8.50.out 7.5403 11.0573 3.517
ZnO-PBEU-7.00_9.00.out 7.4673 11.1136 3.6463
ZnO-PBEU-7.00_9.50.out 7.3946 11.1686 3.774
ZnO-PBEU-7.50_10.00.out 7.2704 11.2167 3.9463
ZnO-PBEU-7.50_10.50.out 7.1965 11.2694 4.0729
ZnO-PBEU-7.50_11.00.out 7.1231 11.3209 4.1978
ZnO-PBEU-7.50_11.50.out 7.0504 11.3713 4.3209
ZnO-PBEU-7.50_12.00.out 6.9785 11.4207 4.4422
ZnO-PBEU-7.50_4.00.out 8.1609 10.4797 2.3188
ZnO-PBEU-7.50_4.50.out 8.0894 10.5497 2.4603
ZnO-PBEU-7.50_5.00.out 8.0169 10.6179 2.601
ZnO-PBEU-7.50_5.50.out 7.9435 10.6844 2.7409
ZnO-PBEU-7.50_6.00.out 7.8697 10.7494 2.8797
ZnO-PBEU-7.50_6.50.out 7.7952 10.8128 3.0176
ZnO-PBEU-7.50_7.00.out 7.7203 10.8746 3.1543
ZnO-PBEU-7.50_7.50.out 7.6452 10.9350 3.2898
ZnO-PBEU-7.50_8.00.out 7.5700 10.9939 3.4239
ZnO-PBEU-7.50_8.50.out 7.4948 11.0516 3.5568
ZnO-PBEU-7.50_9.00.out 7.4197 11.1079 3.6882
ZnO-PBEU-7.50_9.50.out 7.3449 11.1630 3.8181
ZnO-PBEU-8.00_10.00.out 7.2210 11.2111 3.9901
ZnO-PBEU-8.00_10.50.out 7.1448 11.2638 4.119
ZnO-PBEU-8.00_11.00.out 7.0691 11.3153 4.2462
ZnO-PBEU-8.00_11.50.out 6.9941 11.3657 4.3716
ZnO-PBEU-8.00_12.00.out 6.9197 11.4151 4.4954
ZnO-PBEU-8.00_4.00.out 8.1327 10.4742 2.3415
ZnO-PBEU-8.00_4.50.out 8.0598 10.5442 2.4844
ZnO-PBEU-8.00_5.00.out 7.9859 10.6124 2.6265
ZnO-PBEU-8.00_5.50.out 7.9110 10.6789 2.7679
ZnO-PBEU-8.00_6.00.out 7.8355 10.7439 2.9084
ZnO-PBEU-8.00_6.50.out 7.7594 10.8072 3.0478
ZnO-PBEU-8.00_7.00.out 7.6828 10.8691 3.1863
ZnO-PBEU-8.00_7.50.out 7.6058 10.9294 3.3236
ZnO-PBEU-8.00_8.00.out 7.5288 10.9884 3.4596
ZnO-PBEU-8.00_8.50.out 7.4516 11.0460 3.5944
ZnO-PBEU-8.00_9.00.out 7.3745 11.1023 3.7278
ZnO-PBEU-8.00_9.50.out 7.2976 11.1574 3.8598
ZnO-PBEU-8.50_10.00.out 7.1740 11.2057 4.0317
ZnO-PBEU-8.50_10.50.out 7.0957 11.2583 4.1626
ZnO-PBEU-8.50_11.00.out 7.0178 11.3098 4.292
ZnO-PBEU-8.50_11.50.out 6.9404 11.3602 4.4198
ZnO-PBEU-8.50_12.00.out 6.8638 11.4096 4.5458
ZnO-PBEU-8.50_4.00.out 8.1059 10.4688 2.3629
ZnO-PBEU-8.50_4.50.out 8.0317 10.5388 2.5071
ZnO-PBEU-8.50_5.00.out 7.9563 10.6070 2.6507
ZnO-PBEU-8.50_5.50.out 7.8800 10.6735 2.7935
ZnO-PBEU-8.50_6.00.out 7.8030 10.7385 2.9355
ZnO-PBEU-8.50_6.50.out 7.7254 10.8018 3.0764
ZnO-PBEU-8.50_7.00.out 7.6471 10.8636 3.2165
ZnO-PBEU-8.50_7.50.out 7.5685 10.9240 3.3555
ZnO-PBEU-8.50_8.00.out 7.4896 10.9830 3.4934
ZnO-PBEU-8.50_8.50.out 7.4106 11.0406 3.63
ZnO-PBEU-8.50_9.00.out 7.3316 11.0969 3.7653
ZnO-PBEU-8.50_9.50.out 7.2527 11.1519 3.8992
ZnO-PBEU-9.00_10.00.out 7.1294 11.2004 4.071
ZnO-PBEU-9.00_10.50.out 7.0490 11.2530 4.204
ZnO-PBEU-9.00_11.00.out 6.9690 11.3044 4.3354
ZnO-PBEU-9.00_11.50.out 6.8895 11.3548 4.4653
ZnO-PBEU-9.00_12.00.out 6.8105 11.4042 4.5937
ZnO-PBEU-9.00_4.00.out 8.0803 10.4636 2.3833
ZnO-PBEU-9.00_4.50.out 8.0049 10.5335 2.5286
ZnO-PBEU-9.00_5.00.out 7.9282 10.6017 2.6735
ZnO-PBEU-9.00_5.50.out 7.8506 10.6682 2.8176
ZnO-PBEU-9.00_6.00.out 7.7721 10.7332 2.9611
ZnO-PBEU-9.00_6.50.out 7.6930 10.7965 3.1035
ZnO-PBEU-9.00_7.00.out 7.6132 10.8583 3.2451
ZnO-PBEU-9.00_7.50.out 7.5329 10.9187 3.3858
ZnO-PBEU-9.00_8.00.out 7.4524 10.9777 3.5253
ZnO-PBEU-9.00_8.50.out 7.3716 11.0352 3.6636
ZnO-PBEU-9.00_9.00.out 7.2908 11.0915 3.8007
ZnO-PBEU-9.00_9.50.out 7.2100 11.1466 3.9366
ZnO-PBEU-9.50_10.00.out 7.0869 11.1952 4.1083
ZnO-PBEU-9.50_10.50.out 7.0045 11.2477 4.2432
ZnO-PBEU-9.50_11.00.out 6.9225 11.2992 4.3767
ZnO-PBEU-9.50_11.50.out 6.8409 11.3496 4.5087
ZnO-PBEU-9.50_12.00.out 6.7599 11.3989 4.639
ZnO-PBEU-9.50_4.00.out 8.0559 10.4584 2.4025
ZnO-PBEU-9.50_4.50.out 7.9793 10.5284 2.5491
ZnO-PBEU-9.50_5.00.out 7.9014 10.5966 2.6952
ZnO-PBEU-9.50_5.50.out 7.8225 10.6630 2.8405
ZnO-PBEU-9.50_6.00.out 7.7427 10.7280 2.9853
ZnO-PBEU-9.50_6.50.out 7.6622 10.7913 3.1291
ZnO-PBEU-9.50_7.00.out 7.5809 10.8531 3.2722
ZnO-PBEU-9.50_7.50.out 7.4991 10.9135 3.4144
ZnO-PBEU-9.50_8.00.out 7.4170 10.9724 3.5554
ZnO-PBEU-9.50_8.50.out 7.3345 11.0300 3.6955
ZnO-PBEU-9.50_9.00.out 7.2520 11.0863 3.8343
ZnO-PBEU-9.50_9.50.out 7.1694 11.1414 3.972
