&general
PREFIX = zno_lda_mlff; MODE = suggest;
NAT = 32; NKD = 2; KD = Zn O
/

&interaction
NORDER = 1
/

&cell
12.079803315944336
1.0 0.0 0.0
-0.5        0.8660254  0.0
0.         0.         1.60549857
/

&cutoff 
  Zn-Zn None
  O-O None
  Zn-O None
/

&position
1 0.16666666664999996 0.33333333335 0.9999220124
1 0.33333333335 0.16666666665 0.2499220124
2 0.16666666664999996 0.33333333335 0.1900779876
2 0.33333333335 0.16666666665 0.44007798760000005
1 0.16666666664999996 0.33333333335 0.4999220124
1 0.33333333335 0.16666666665 0.7499220124
2 0.16666666664999996 0.33333333335 0.6900779876
2 0.33333333335 0.16666666665 0.9400779876
1 0.16666666664999996 0.8333333333499999 0.9999220124
1 0.3333333333499999 0.66666666665 0.2499220124
2 0.16666666664999996 0.8333333333499999 0.1900779876
2 0.3333333333499999 0.66666666665 0.44007798760000005
1 0.16666666664999996 0.8333333333499999 0.4999220124
1 0.3333333333499999 0.66666666665 0.7499220124
2 0.16666666664999996 0.8333333333499999 0.6900779876
2 0.3333333333499999 0.66666666665 0.9400779876
1 0.6666666666499999 0.33333333335 0.9999220124
1 0.8333333333499999 0.16666666665 0.2499220124
2 0.6666666666499999 0.33333333335 0.1900779876
2 0.8333333333499999 0.16666666665 0.44007798760000005
1 0.6666666666499999 0.33333333335 0.4999220124
1 0.8333333333499999 0.16666666665 0.7499220124
2 0.6666666666499999 0.33333333335 0.6900779876
2 0.8333333333499999 0.16666666665 0.9400779876
1 0.6666666666499999 0.8333333333499999 0.9999220124
1 0.8333333333499998 0.66666666665 0.2499220124
2 0.6666666666499999 0.8333333333499999 0.1900779876
2 0.8333333333499998 0.66666666665 0.44007798760000005
1 0.6666666666499999 0.8333333333499999 0.4999220124
1 0.8333333333499998 0.66666666665 0.7499220124
2 0.6666666666499999 0.8333333333499999 0.6900779876
2 0.8333333333499998 0.66666666665 0.9400779876
