# Filename: XFSET.lmp_harm01, Snapshot: 1
    0.01889726124994     0.00000000000000     0.00000000000000      -2.96436333E-03 -1.24499292E-04  2.06277971E-05
    0.00000000000000     0.00000000000000     0.00000000000000      -1.68548643E-05  1.83147188E-05 -1.44170369E-04
    0.00000000000000     0.00000000000000     0.00000000000000       2.33138860E-04  8.81540852E-08 -5.11908309E-06
    0.00000000000000     0.00000000000000     0.00000000000000       1.32669113E-03 -6.10128645E-04  3.81083250E-04
    0.00000000000000     0.00000000000000     0.00000000000000      -5.55235438E-05 -5.00549876E-08  2.12793913E-07
    0.00000000000000     0.00000000000000     0.00000000000000      -1.74965926E-05  1.85016434E-05  1.19471657E-04
    0.00000000000000     0.00000000000000     0.00000000000000       3.91068673E-05  1.37207282E-07  2.67136994E-06
    0.00000000000000     0.00000000000000     0.00000000000000       2.28405767E-05 -5.94821900E-06  1.12841285E-05
    0.00000000000000     0.00000000000000     0.00000000000000      -5.86673540E-05  2.33933252E-04  3.83501139E-05
    0.00000000000000     0.00000000000000     0.00000000000000       1.66988763E-05 -1.35808401E-06 -9.69053139E-07
    0.00000000000000     0.00000000000000     0.00000000000000      -1.50220256E-04 -7.86064922E-05  1.53463570E-05
    0.00000000000000     0.00000000000000     0.00000000000000       2.65632072E-04  4.66170997E-06  2.35837567E-06
    0.00000000000000     0.00000000000000     0.00000000000000       1.18692261E-05 -5.13203826E-05 -9.45039482E-07
    0.00000000000000     0.00000000000000     0.00000000000000       1.66920072E-05 -2.02222856E-06  6.25394352E-07
    0.00000000000000     0.00000000000000     0.00000000000000       9.56038812E-05  1.03225746E-04 -2.19506270E-05
    0.00000000000000     0.00000000000000     0.00000000000000       1.10793469E-05  9.83048312E-07 -2.03525000E-07
    0.00000000000000     0.00000000000000     0.00000000000000      -4.63802546E-04 -5.40051157E-07  5.83706679E-07
    0.00000000000000     0.00000000000000     0.00000000000000      -1.28807800E-05 -1.81227385E-05  1.43105348E-04
    0.00000000000000     0.00000000000000     0.00000000000000      -1.44254653E-05 -6.79333539E-08  8.71758992E-07
    0.00000000000000     0.00000000000000     0.00000000000000       1.37078206E-03  6.40796842E-04 -4.02371245E-04
    0.00000000000000     0.00000000000000     0.00000000000000       1.00815812E-04  3.73347759E-08  1.29279000E-07
    0.00000000000000     0.00000000000000     0.00000000000000      -1.22361418E-05 -1.79259587E-05 -1.19008791E-04
    0.00000000000000     0.00000000000000     0.00000000000000      -8.34024463E-05 -3.76290811E-07  2.58103657E-06
    0.00000000000000     0.00000000000000     0.00000000000000       1.98615400E-05  5.90639288E-06 -1.11657879E-05
   -0.00000000000000     0.00000000000000     0.00000000000000      -5.97973852E-05 -2.33387626E-04 -3.79165246E-05
    0.00000000000000     0.00000000000000     0.00000000000000       2.04112094E-04  4.51578475E-05 -3.70124871E-05
   -0.00000000000000     0.00000000000000     0.00000000000000      -1.50527095E-04  7.84028468E-05 -1.73795141E-05
    0.00000000000000     0.00000000000000     0.00000000000000       1.17775033E-04  2.18077016E-07 -7.61219271E-07
   -0.00000000000000     0.00000000000000     0.00000000000000       1.19953940E-05  5.13144765E-05  7.70167381E-07
    0.00000000000000     0.00000000000000     0.00000000000000       2.04116637E-04  4.53382969E-05  3.65693148E-05
   -0.00000000000000     0.00000000000000     0.00000000000000       9.48159680E-05 -1.03008626E-04  2.37982906E-05
    0.00000000000000     0.00000000000000     0.00000000000000      -1.03429581E-04  3.45029837E-07 -1.46687231E-06
# Filename: XFSET.lmp_harm02, Snapshot: 1
    0.00000000000000     0.01889726124994     0.00000000000000      -3.93978731E-12 -2.88067038E-03  2.03957685E-05
    0.00000000000000     0.00000000000000     0.00000000000000       1.73860885E-05  7.70857667E-06  8.21158723E-05
    0.00000000000000     0.00000000000000     0.00000000000000       2.29473475E-14  2.33050352E-04 -5.08281728E-06
    0.00000000000000     0.00000000000000     0.00000000000000      -6.31441736E-04  6.27513102E-04 -2.28075269E-04
    0.00000000000000     0.00000000000000     0.00000000000000      -6.88420425E-15 -5.54735038E-05  2.08080285E-07
    0.00000000000000     0.00000000000000     0.00000000000000       1.68943273E-05  8.16510461E-06 -6.83559241E-05
    0.00000000000000     0.00000000000000     0.00000000000000       6.06743425E-15  3.89695875E-05  2.66219792E-06
    0.00000000000000     0.00000000000000     0.00000000000000      -5.35403872E-06  1.33331461E-05 -6.58875365E-06
    0.00000000000000     0.00000000000000     0.00000000000000       2.34101910E-04 -3.28637880E-04  2.24751695E-05
    0.00000000000000     0.00000000000000     0.00000000000000      -1.23215588E-13 -2.72877462E-05 -1.66235889E-04
    0.00000000000000     0.00000000000000     0.00000000000000      -7.85331840E-05 -5.95674028E-05  9.68382299E-06
    0.00000000000000     0.00000000000000     0.00000000000000       1.50869086E-13  1.67274496E-03  4.37411801E-04
    0.00000000000000     0.00000000000000     0.00000000000000      -5.13409978E-05  7.11407791E-05 -4.38649720E-07
    0.00000000000000     0.00000000000000     0.00000000000000      -1.05091073E-13 -2.79243159E-05  1.37780444E-04
    0.00000000000000     0.00000000000000     0.00000000000000       1.03408715E-04 -2.35778866E-05 -1.11774117E-05
    0.00000000000000     0.00000000000000     0.00000000000000       4.94729254E-14  2.61739967E-05  1.31160308E-05
    0.00000000000000     0.00000000000000     0.00000000000000      -1.14347799E-14  7.50028268E-05 -4.39406073E-05
    0.00000000000000     0.00000000000000     0.00000000000000      -1.73860885E-05  7.70857675E-06  8.21158723E-05
    0.00000000000000     0.00000000000000     0.00000000000000      -2.73423479E-14 -1.95765895E-04 -2.05460589E-05
    0.00000000000000     0.00000000000000     0.00000000000000       6.31441738E-04  6.27513103E-04 -2.28075269E-04
    0.00000000000000     0.00000000000000     0.00000000000000       4.04495617E-15 -1.76326338E-05  8.30054111E-07
    0.00000000000000     0.00000000000000     0.00000000000000      -1.68943273E-05  8.16510470E-06 -6.83559241E-05
    0.00000000000000     0.00000000000000     0.00000000000000      -1.81634089E-14  1.54332096E-04  2.67855116E-05
    0.00000000000000     0.00000000000000     0.00000000000000       5.35403874E-06  1.33331460E-05 -6.58875364E-06
   -0.00000000000000     0.00000000000000     0.00000000000000      -2.34101910E-04 -3.28637880E-04  2.24751694E-05
    0.00000000000000     0.00000000000000     0.00000000000000       8.84989737E-13  1.79359386E-04 -4.48203369E-05
   -0.00000000000000     0.00000000000000     0.00000000000000       7.85331841E-05 -5.95674028E-05  9.68382299E-06
    0.00000000000000     0.00000000000000     0.00000000000000      -1.80078337E-14  1.17557265E-04 -7.58874138E-07
   -0.00000000000000     0.00000000000000     0.00000000000000       5.13409977E-05  7.11407791E-05 -4.38649724E-07
    0.00000000000000     0.00000000000000     0.00000000000000       9.03736553E-13  1.79183435E-04  4.43811797E-05
   -0.00000000000000     0.00000000000000     0.00000000000000      -1.03408715E-04 -2.35778866E-05 -1.11774117E-05
    0.00000000000000     0.00000000000000     0.00000000000000      -3.73769507E-14 -1.03774512E-04 -1.46419785E-06
# Filename: XFSET.lmp_harm03, Snapshot: 1
    0.00000000000000    -0.01889726124994     0.00000000000000      -1.13165039E-11  3.05770544E-03  2.08591217E-05
    0.00000000000000     0.00000000000000     0.00000000000000      -1.90639978E-05 -4.63741276E-06 -8.37632122E-05
    0.00000000000000     0.00000000000000     0.00000000000000      -2.29084537E-14 -2.33227415E-04 -5.15988303E-06
    0.00000000000000     0.00000000000000     0.00000000000000       6.19124057E-04 -6.25613131E-04  2.24126954E-04
    0.00000000000000     0.00000000000000     0.00000000000000       5.87296521E-15  5.55735819E-05  2.17770345E-07
    0.00000000000000     0.00000000000000     0.00000000000000      -1.95616680E-05 -4.16358523E-06  6.93442991E-05
    0.00000000000000     0.00000000000000     0.00000000000000      -6.14522187E-15 -3.92441557E-05  2.68186639E-06
    0.00000000000000     0.00000000000000     0.00000000000000       6.51348453E-06 -1.56808128E-05  6.35639608E-06
    0.00000000000000     0.00000000000000     0.00000000000000      -2.33161515E-04  3.29286879E-04 -2.15520107E-05
    0.00000000000000     0.00000000000000     0.00000000000000       1.20531915E-13  2.34777919E-05  1.65461128E-04
    0.00000000000000     0.00000000000000     0.00000000000000       7.84954729E-05  5.99268508E-05 -9.19792869E-06
    0.00000000000000     0.00000000000000     0.00000000000000      -1.68137938E-13 -1.74721357E-03 -4.67369069E-04
    0.00000000000000     0.00000000000000     0.00000000000000       5.12947246E-05 -7.12346951E-05  5.52332117E-07
    0.00000000000000     0.00000000000000     0.00000000000000       1.00462709E-13  2.28145432E-05 -1.37579549E-04
    0.00000000000000     0.00000000000000     0.00000000000000      -1.02847341E-04  2.41395552E-05  1.52344899E-05
    0.00000000000000     0.00000000000000     0.00000000000000      -5.05230583E-14 -2.33610214E-05 -1.28232090E-05
    0.00000000000000     0.00000000000000     0.00000000000000       1.15903552E-14 -7.63121427E-05  4.41299001E-05
    0.00000000000000     0.00000000000000     0.00000000000000       1.90639978E-05 -4.63741285E-06 -8.37632122E-05
    0.00000000000000     0.00000000000000     0.00000000000000       2.82757994E-14  1.95591298E-04  1.72550570E-05
    0.00000000000000     0.00000000000000     0.00000000000000      -6.19124059E-04 -6.25613132E-04  2.24126955E-04
    0.00000000000000     0.00000000000000     0.00000000000000      -4.12274379E-15  1.77574328E-05 -1.14978859E-06
    0.00000000000000     0.00000000000000     0.00000000000000       1.95616681E-05 -4.16358532E-06  6.93442992E-05
    0.00000000000000     0.00000000000000     0.00000000000000       1.86301347E-14 -1.55137629E-04 -2.60420349E-05
    0.00000000000000     0.00000000000000     0.00000000000000      -6.51348455E-06 -1.56808127E-05  6.35639607E-06
   -0.00000000000000     0.00000000000000     0.00000000000000       2.33161515E-04  3.29286879E-04 -2.15520107E-05
    0.00000000000000     0.00000000000000     0.00000000000000       6.73006808E-12 -2.33689136E-04 -3.70006013E-05
   -0.00000000000000     0.00000000000000     0.00000000000000      -7.84954729E-05  5.99268509E-05 -9.19792869E-06
    0.00000000000000     0.00000000000000     0.00000000000000       2.26361970E-14 -1.17992792E-04 -7.65588993E-07
   -0.00000000000000     0.00000000000000     0.00000000000000      -5.12947246E-05 -7.12346951E-05  5.52332120E-07
    0.00000000000000     0.00000000000000     0.00000000000000       6.71186578E-12 -2.33874177E-04  3.65529729E-05
   -0.00000000000000     0.00000000000000     0.00000000000000       1.02847341E-04  2.41395552E-05  1.52344899E-05
    0.00000000000000     0.00000000000000     0.00000000000000       3.64823931E-14  1.03084658E-04 -1.47073333E-06
# Filename: XFSET.lmp_harm04, Snapshot: 1
    0.00000000000000     0.00000000000000     0.01889726124994      -6.16272409E-12 -5.11247455E-12 -1.49632340E-03
    0.00000000000000     0.00000000000000     0.00000000000000      -1.19931993E-04  6.92427685E-05 -1.29651458E-04
    0.00000000000000     0.00000000000000     0.00000000000000      -7.30814677E-14  4.20053141E-14  1.86769312E-03
    0.00000000000000     0.00000000000000     0.00000000000000       3.95599757E-04 -2.28399626E-04  4.37341919E-04
    0.00000000000000     0.00000000000000     0.00000000000000       2.76534984E-14 -1.43518156E-14 -9.97694149E-05
    0.00000000000000     0.00000000000000     0.00000000000000       1.42523415E-04 -8.22859320E-05 -1.29277854E-04
    0.00000000000000     0.00000000000000     0.00000000000000       9.15171333E-14 -2.82757994E-14 -4.08901717E-04
    0.00000000000000     0.00000000000000     0.00000000000000      -1.03400133E-05  5.96980945E-06 -1.71773024E-05
    0.00000000000000     0.00000000000000     0.00000000000000       3.88156283E-05  2.24102134E-05 -4.02254397E-04
    0.00000000000000     0.00000000000000     0.00000000000000      -8.34272210E-14 -1.38485537E-04 -1.29651458E-04
    0.00000000000000     0.00000000000000     0.00000000000000      -7.57858575E-06 -4.37549844E-06  1.07180241E-04
    0.00000000000000     0.00000000000000     0.00000000000000       9.13226643E-14  4.56799255E-04  4.37341919E-04
    0.00000000000000     0.00000000000000     0.00000000000000      -9.60566665E-07 -5.54583408E-07  2.91924382E-04
    0.00000000000000     0.00000000000000     0.00000000000000       1.11041826E-13  1.64571864E-04 -1.29277854E-04
    0.00000000000000     0.00000000000000     0.00000000000000       3.08046815E-05  1.77850911E-05 -9.51677508E-05
    0.00000000000000     0.00000000000000     0.00000000000000      -3.05316403E-14 -1.19396190E-05 -1.71773027E-05
    0.00000000000000     0.00000000000000     0.00000000000000       3.54322603E-14 -4.48204270E-05 -4.02254397E-04
    0.00000000000000     0.00000000000000     0.00000000000000       1.19931993E-04  6.92427686E-05 -1.29651458E-04
    0.00000000000000     0.00000000000000     0.00000000000000      -6.59250068E-14  8.75099700E-06  1.07180241E-04
    0.00000000000000     0.00000000000000     0.00000000000000      -3.95599759E-04 -2.28399627E-04  4.37341919E-04
    0.00000000000000     0.00000000000000     0.00000000000000      -2.07304004E-14  1.10916684E-06  2.91924382E-04
    0.00000000000000     0.00000000000000     0.00000000000000      -1.42523415E-04 -8.22859322E-05 -1.29277854E-04
    0.00000000000000     0.00000000000000     0.00000000000000       3.47710655E-14 -3.55701823E-05 -9.51677508E-05
    0.00000000000000     0.00000000000000     0.00000000000000       1.03400134E-05  5.96980952E-06 -1.71773027E-05
   -0.00000000000000     0.00000000000000     0.00000000000000      -3.88156283E-05  2.24102135E-05 -4.02254397E-04
    0.00000000000000     0.00000000000000     0.00000000000000       7.14362596E-12  4.09228993E-12  1.29562602E-04
   -0.00000000000000     0.00000000000000     0.00000000000000       7.57858566E-06 -4.37549847E-06  1.07180241E-04
    0.00000000000000     0.00000000000000     0.00000000000000      -4.73726597E-14  1.92913294E-14  9.48499418E-05
   -0.00000000000000     0.00000000000000     0.00000000000000       9.60566665E-07 -5.54583431E-07  2.91924382E-04
    0.00000000000000     0.00000000000000     0.00000000000000       2.25039581E-13  1.67398955E-13  1.67962369E-04
   -0.00000000000000     0.00000000000000     0.00000000000000      -3.08046815E-05  1.77850911E-05 -9.51677508E-05
    0.00000000000000     0.00000000000000     0.00000000000000       1.40367758E-13  4.50390312E-14 -4.43826840E-04
# Filename: XFSET.lmp_harm05, Snapshot: 1
    0.00000000000000     0.00000000000000    -0.01889726124994      -8.66425722E-12 -3.42802257E-12  1.35303559E-03
    0.00000000000000     0.00000000000000     0.00000000000000       1.18538284E-04 -6.84381103E-05  1.28809034E-04
    0.00000000000000     0.00000000000000     0.00000000000000       7.04366887E-14 -4.14996945E-14 -1.78228483E-03
    0.00000000000000     0.00000000000000     0.00000000000000      -3.95041244E-04  2.28077169E-04 -4.31371180E-04
    0.00000000000000     0.00000000000000     0.00000000000000      -2.80035427E-14  1.34961518E-14  1.01049009E-04
    0.00000000000000     0.00000000000000     0.00000000000000      -1.44715594E-04  8.35515872E-05  1.29107448E-04
    0.00000000000000     0.00000000000000     0.00000000000000      -9.33451423E-14  2.79257551E-14  4.16883293E-04
    0.00000000000000     0.00000000000000     0.00000000000000       1.60590357E-05 -9.27168858E-06  2.04627937E-05
    0.00000000000000     0.00000000000000     0.00000000000000      -3.74583795E-05 -2.16266054E-05  4.03383296E-04
    0.00000000000000     0.00000000000000     0.00000000000000       8.10158048E-14  1.36876221E-04  1.28809034E-04
    0.00000000000000     0.00000000000000     0.00000000000000       7.82472000E-06  4.51760411E-06 -1.05471241E-04
    0.00000000000000     0.00000000000000     0.00000000000000      -9.17504962E-14 -4.56154339E-04 -4.31371180E-04
    0.00000000000000     0.00000000000000     0.00000000000000       7.58585609E-07  4.37969592E-07 -2.91757449E-04
    0.00000000000000     0.00000000000000     0.00000000000000      -1.14036649E-13 -1.67103174E-04  1.29107448E-04
    0.00000000000000     0.00000000000000     0.00000000000000      -3.04280507E-05 -1.75676432E-05  1.04580079E-04
    0.00000000000000     0.00000000000000     0.00000000000000       3.13873041E-14  1.85433773E-05  2.04627941E-05
    0.00000000000000     0.00000000000000     0.00000000000000      -3.60934550E-14  4.32532110E-05  4.03383296E-04
    0.00000000000000     0.00000000000000     0.00000000000000      -1.18538284E-04 -6.84381104E-05  1.28809034E-04
    0.00000000000000     0.00000000000000     0.00000000000000       6.65084139E-14 -9.03520835E-06 -1.05471241E-04
    0.00000000000000     0.00000000000000     0.00000000000000       3.95041246E-04  2.28077170E-04 -4.31371180E-04
    0.00000000000000     0.00000000000000     0.00000000000000       1.96802675E-14 -8.75939208E-07 -2.91757449E-04
    0.00000000000000     0.00000000000000     0.00000000000000       1.44715594E-04  8.35515873E-05  1.29107448E-04
    0.00000000000000     0.00000000000000     0.00000000000000      -3.35653574E-14  3.51352865E-05  1.04580079E-04
    0.00000000000000     0.00000000000000     0.00000000000000      -1.60590358E-05 -9.27168865E-06  2.04627941E-05
   -0.00000000000000     0.00000000000000     0.00000000000000       3.74583795E-05 -2.16266055E-05  4.03383296E-04
    0.00000000000000     0.00000000000000     0.00000000000000       2.61949806E-13  1.83851037E-13 -1.68608829E-04
   -0.00000000000000     0.00000000000000     0.00000000000000      -7.82471991E-06  4.51760414E-06 -1.05471241E-04
    0.00000000000000     0.00000000000000     0.00000000000000       4.75671288E-14 -1.82023028E-14 -9.73975453E-05
   -0.00000000000000     0.00000000000000     0.00000000000000      -7.58585608E-07  4.37969615E-07 -2.91757449E-04
    0.00000000000000     0.00000000000000     0.00000000000000       7.17999167E-12  4.10800303E-12 -1.30224638E-04
   -0.00000000000000     0.00000000000000     0.00000000000000       3.04280507E-05 -1.75676432E-05  1.04580079E-04
    0.00000000000000     0.00000000000000     0.00000000000000      -1.46590767E-13 -4.79949607E-14  4.34319599E-04
# Filename: XFSET.lmp_harm06, Snapshot: 1
    0.00000000000000     0.00000000000000     0.00000000000000       2.33116557E-04  6.59316343E-09  1.63058211E-06
    0.00000000000000     0.00000000000000     0.00000000000000       2.26077393E-05 -5.84715492E-06  1.26922583E-05
    0.01889726124994     0.00000000000000     0.00000000000000      -3.78562569E-03 -1.90515428E-05 -1.74365289E-05
    0.00000000000000     0.00000000000000     0.00000000000000       3.28864425E-05 -1.02723661E-05  8.09926094E-05
    0.00000000000000     0.00000000000000     0.00000000000000       3.91005222E-05  4.87182253E-09 -1.16637162E-06
    0.00000000000000     0.00000000000000     0.00000000000000       1.32619415E-03 -6.10293405E-04 -3.84481401E-04
    0.00000000000000     0.00000000000000     0.00000000000000      -6.41105585E-05  1.97922780E-07 -4.12535535E-07
    0.00000000000000     0.00000000000000     0.00000000000000       3.26956502E-05 -1.00508291E-05 -1.80324817E-04
    0.00000000000000     0.00000000000000     0.00000000000000      -1.50143261E-04 -7.82952928E-05 -6.44197273E-06
    0.00000000000000     0.00000000000000     0.00000000000000       1.10769019E-05  7.91517052E-07  1.48953635E-07
    0.00000000000000     0.00000000000000     0.00000000000000       6.38999393E-05 -2.63965248E-04  1.33526507E-05
    0.00000000000000     0.00000000000000     0.00000000000000       1.51302366E-05  8.87982087E-07  3.91724604E-07
    0.00000000000000     0.00000000000000     0.00000000000000       9.52854359E-05  1.03127158E-04  3.01023900E-05
    0.00000000000000     0.00000000000000     0.00000000000000       2.65608183E-04  2.03010902E-06 -1.47738644E-06
    0.00000000000000     0.00000000000000     0.00000000000000       4.64754674E-06 -4.90438410E-05 -1.35170385E-05
    0.00000000000000     0.00000000000000     0.00000000000000       1.51254914E-05  5.96138405E-07 -1.02686182E-06
    0.00000000000000     0.00000000000000     0.00000000000000      -1.44097002E-05 -2.46889507E-07 -8.73776768E-07
    0.00000000000000     0.00000000000000     0.00000000000000       2.00898816E-05  6.00756745E-06 -1.37081024E-05
    0.00000000000000     0.00000000000000     0.00000000000000       5.19056974E-04  1.70357385E-06  1.16087241E-06
    0.00000000000000     0.00000000000000     0.00000000000000       3.12178927E-05  9.26481516E-06 -8.03609152E-05
    0.00000000000000     0.00000000000000     0.00000000000000      -8.34138052E-05 -3.49086633E-08 -2.17184679E-06
    0.00000000000000     0.00000000000000     0.00000000000000       1.37113094E-03  6.40550966E-04  4.06399432E-04
    0.00000000000000     0.00000000000000     0.00000000000000       8.92644291E-05  7.50977667E-07 -3.46170179E-07
    0.00000000000000     0.00000000000000     0.00000000000000       3.14094666E-05  9.49143290E-06  1.76519127E-04
   -0.00000000000000     0.00000000000000     0.00000000000000      -1.50564580E-04  7.87112562E-05  8.96160437E-06
    0.00000000000000     0.00000000000000     0.00000000000000      -1.03420587E-04  4.08583951E-07  1.63410287E-06
   -0.00000000000000     0.00000000000000     0.00000000000000       6.50945303E-05  2.60900898E-04 -1.15320369E-05
    0.00000000000000     0.00000000000000     0.00000000000000      -7.57333199E-05 -6.75871461E-06  5.28669632E-06
   -0.00000000000000     0.00000000000000     0.00000000000000       9.51190753E-05 -1.03108772E-04 -3.11269586E-05
    0.00000000000000     0.00000000000000     0.00000000000000       1.17778040E-04  2.29994249E-07 -2.75037761E-07
   -0.00000000000000     0.00000000000000     0.00000000000000       5.61532961E-06  4.81048776E-05  1.22588673E-05
    0.00000000000000     0.00000000000000     0.00000000000000      -7.57298576E-05 -6.79827034E-06 -4.85211263E-06
# Filename: XFSET.lmp_harm07, Snapshot: 1
    0.00000000000000     0.00000000000000     0.00000000000000       2.23250465E-14  2.33109895E-04  1.62862894E-06
    0.00000000000000     0.00000000000000     0.00000000000000      -5.51904464E-06  1.34580458E-05 -7.69558347E-06
    0.00000000000000     0.01889726124994     0.00000000000000      -1.98926277E-12 -3.76086478E-03 -1.72403683E-05
    0.00000000000000     0.00000000000000     0.00000000000000      -8.96198377E-06  2.03272121E-05 -4.62093522E-05
    0.00000000000000     0.00000000000000     0.00000000000000       5.67849616E-15  3.90956761E-05 -1.17005456E-06
    0.00000000000000     0.00000000000000     0.00000000000000      -6.32779661E-04  6.28718000E-04  2.30910895E-04
    0.00000000000000     0.00000000000000     0.00000000000000       4.78393855E-15 -6.43084929E-05 -4.09822522E-07
    0.00000000000000     0.00000000000000     0.00000000000000      -9.26672473E-06  2.03849524E-05  1.01692860E-04
    0.00000000000000     0.00000000000000     0.00000000000000      -7.82382444E-05 -5.96576413E-05 -4.60263204E-06
    0.00000000000000     0.00000000000000     0.00000000000000       7.09423082E-14  2.59066125E-05  1.45110362E-05
    0.00000000000000     0.00000000000000     0.00000000000000      -2.64310221E-04  3.67642102E-04  8.25874441E-06
    0.00000000000000     0.00000000000000     0.00000000000000       3.73380569E-14  3.86997390E-05  9.34516597E-05
    0.00000000000000     0.00000000000000     0.00000000000000       1.03163806E-04 -2.38101175E-05  1.60584505E-05
    0.00000000000000     0.00000000000000     0.00000000000000       3.10956005E-13  1.67320671E-03 -4.41574097E-04
    0.00000000000000     0.00000000000000     0.00000000000000      -4.92779217E-05  6.10042377E-05 -7.88084633E-06
    0.00000000000000     0.00000000000000     0.00000000000000       3.55489417E-14  3.84240038E-05 -2.08219919E-04
    0.00000000000000     0.00000000000000     0.00000000000000      -1.10458418E-14 -1.95970992E-04  1.08708774E-05
    0.00000000000000     0.00000000000000     0.00000000000000       5.51904464E-06  1.34580457E-05 -7.69558349E-06
    0.00000000000000     0.00000000000000     0.00000000000000       3.23985432E-14 -8.58702080E-05 -1.35426644E-05
    0.00000000000000     0.00000000000000     0.00000000000000       8.96198374E-06  2.03272121E-05 -4.62093522E-05
    0.00000000000000     0.00000000000000     0.00000000000000      -1.51685856E-14  1.54627098E-04 -3.53085403E-05
    0.00000000000000     0.00000000000000     0.00000000000000       6.32779663E-04  6.28718001E-04  2.30910896E-04
    0.00000000000000     0.00000000000000     0.00000000000000       3.60934550E-14 -2.22929827E-05  1.41587976E-05
    0.00000000000000     0.00000000000000     0.00000000000000       9.26672471E-06  2.03849524E-05  1.01692860E-04
   -0.00000000000000     0.00000000000000     0.00000000000000       7.82382444E-05 -5.96576413E-05 -4.60263207E-06
    0.00000000000000     0.00000000000000     0.00000000000000      -2.70700913E-14 -1.03829193E-04  1.63170165E-06
   -0.00000000000000     0.00000000000000     0.00000000000000       2.64310221E-04  3.67642101E-04  8.25874439E-06
    0.00000000000000     0.00000000000000     0.00000000000000      -7.56095653E-14 -7.18290391E-05  6.30793397E-06
   -0.00000000000000     0.00000000000000     0.00000000000000      -1.03163806E-04 -2.38101175E-05  1.60584506E-05
    0.00000000000000     0.00000000000000     0.00000000000000      -3.98661545E-14  1.17548400E-04 -2.80277836E-07
   -0.00000000000000     0.00000000000000     0.00000000000000       4.92779217E-05  6.10042377E-05 -7.88084633E-06
    0.00000000000000     0.00000000000000     0.00000000000000      -8.77055400E-14 -7.17860226E-05 -5.87996499E-06
# Filename: XFSET.lmp_harm08, Snapshot: 1
    0.00000000000000     0.00000000000000     0.00000000000000      -2.33362856E-14 -2.33123232E-04  1.63305679E-06
    0.00000000000000     0.00000000000000     0.00000000000000       6.34010620E-06 -1.55462547E-05  7.55545321E-06
    0.00000000000000    -0.01889726124994     0.00000000000000       4.01730267E-12  3.80913643E-03 -1.76311058E-05
    0.00000000000000     0.00000000000000     0.00000000000000       1.05683469E-05 -2.12106048E-05  4.69415227E-05
    0.00000000000000     0.00000000000000     0.00000000000000      -6.30079711E-15 -3.91053710E-05 -1.16213532E-06
    0.00000000000000     0.00000000000000     0.00000000000000       6.17654839E-04 -6.24298019E-04 -2.25576624E-04
    0.00000000000000     0.00000000000000     0.00000000000000      -5.05619521E-15  6.39126260E-05 -4.15404449E-07
    0.00000000000000     0.00000000000000     0.00000000000000       1.02779840E-05 -2.11521703E-05 -1.04329640E-04
    0.00000000000000     0.00000000000000     0.00000000000000       7.87621906E-05  5.97877250E-05  4.27671745E-06
    0.00000000000000     0.00000000000000     0.00000000000000      -7.19535472E-14 -2.36338365E-05 -1.59646902E-05
    0.00000000000000     0.00000000000000     0.00000000000000       2.60572353E-04 -3.67422323E-04 -6.10417635E-06
    0.00000000000000     0.00000000000000     0.00000000000000      -3.69491188E-14 -3.66937630E-05 -9.28698684E-05
    0.00000000000000     0.00000000000000     0.00000000000000      -1.03113848E-04  2.39159877E-05 -1.92956913E-05
    0.00000000000000     0.00000000000000     0.00000000000000      -3.23207555E-13 -1.74662812E-03  4.71784235E-04
    0.00000000000000     0.00000000000000     0.00000000000000       4.78678204E-05 -6.14376443E-05  7.00017659E-06
    0.00000000000000     0.00000000000000     0.00000000000000      -3.53933665E-14 -3.69629594E-05  2.03829319E-04
    0.00000000000000     0.00000000000000     0.00000000000000       1.03846471E-14  1.95373407E-04 -6.92954616E-06
    0.00000000000000     0.00000000000000     0.00000000000000      -6.34010620E-06 -1.55462546E-05  7.55545323E-06
    0.00000000000000     0.00000000000000     0.00000000000000      -3.44599150E-14  8.81560225E-05  1.51959581E-05
    0.00000000000000     0.00000000000000     0.00000000000000      -1.05683469E-05 -2.12106048E-05  4.69415227E-05
    0.00000000000000     0.00000000000000     0.00000000000000       1.41184528E-14 -1.54806579E-04  3.53896572E-05
    0.00000000000000     0.00000000000000     0.00000000000000      -6.17654841E-04 -6.24298020E-04 -2.25576625E-04
    0.00000000000000     0.00000000000000     0.00000000000000      -3.61712427E-14  2.35362005E-05 -1.56053596E-05
    0.00000000000000     0.00000000000000     0.00000000000000      -1.02779839E-05 -2.11521703E-05 -1.04329640E-04
   -0.00000000000000     0.00000000000000     0.00000000000000      -7.87621906E-05  5.97877250E-05  4.27671749E-06
    0.00000000000000     0.00000000000000     0.00000000000000       2.64088965E-14  1.03011977E-04  1.63682176E-06
   -0.00000000000000     0.00000000000000     0.00000000000000      -2.60572353E-04 -3.67422322E-04 -6.10417633E-06
    0.00000000000000     0.00000000000000     0.00000000000000      -9.50253549E-13  8.02626830E-05  5.36622891E-06
   -0.00000000000000     0.00000000000000     0.00000000000000       1.03113848E-04  2.39159877E-05 -1.92956913E-05
    0.00000000000000     0.00000000000000     0.00000000000000       4.39500045E-14 -1.18007656E-04 -2.69040981E-07
   -0.00000000000000     0.00000000000000     0.00000000000000      -4.78678203E-05 -6.14376443E-05  7.00017659E-06
    0.00000000000000     0.00000000000000     0.00000000000000      -9.37029654E-13  8.02987769E-05 -4.92360253E-06
# Filename: XFSET.lmp_harm09, Snapshot: 1
    0.00000000000000     0.00000000000000     0.00000000000000      -1.94974666E-13  1.31461075E-13  1.78178770E-03
    0.00000000000000     0.00000000000000     0.00000000000000      -8.53659019E-06  4.92860264E-06 -2.07282485E-05
    0.00000000000000     0.00000000000000     0.01889726124994      -2.17610863E-13  1.34105855E-12 -3.27397105E-03
    0.00000000000000     0.00000000000000     0.00000000000000       1.79627260E-04 -1.03707847E-04  1.23850767E-04
    0.00000000000000     0.00000000000000     0.00000000000000       6.47192987E-14 -2.80813303E-14 -4.14319411E-04
    0.00000000000000     0.00000000000000     0.00000000000000      -3.91892254E-04  2.26259098E-04  4.32642726E-04
    0.00000000000000     0.00000000000000     0.00000000000000      -3.40709770E-14  9.45119566E-15  1.40971299E-04
    0.00000000000000     0.00000000000000     0.00000000000000      -8.08073527E-05  4.66541468E-05  1.20768477E-04
    0.00000000000000     0.00000000000000     0.00000000000000       1.65808361E-05  9.57295018E-06  1.05312630E-04
    0.00000000000000     0.00000000000000     0.00000000000000       2.48920380E-15 -9.85720526E-06 -2.07282489E-05
    0.00000000000000     0.00000000000000     0.00000000000000       1.15764932E-05  6.68369144E-06 -1.10101016E-04
    0.00000000000000     0.00000000000000     0.00000000000000       6.05187673E-14  2.07415693E-04  1.23850767E-04
    0.00000000000000     0.00000000000000     0.00000000000000      -2.29504040E-05 -1.32504220E-05 -1.03840556E-04
    0.00000000000000     0.00000000000000     0.00000000000000      -1.61098158E-13 -4.52518198E-04  4.32642726E-04
    0.00000000000000     0.00000000000000     0.00000000000000      -1.33088229E-05 -7.68385246E-06  1.50852456E-04
    0.00000000000000     0.00000000000000     0.00000000000000      -1.13958861E-14 -9.33082935E-05  1.20768477E-04
    0.00000000000000     0.00000000000000     0.00000000000000       1.64520813E-14 -1.91459004E-05  1.05312630E-04
    0.00000000000000     0.00000000000000     0.00000000000000       8.53659017E-06  4.92860263E-06 -2.07282489E-05
    0.00000000000000     0.00000000000000     0.00000000000000      -3.46154903E-15 -1.33673829E-05 -1.10101016E-04
    0.00000000000000     0.00000000000000     0.00000000000000      -1.79627259E-04 -1.03707847E-04  1.23850767E-04
    0.00000000000000     0.00000000000000     0.00000000000000       3.34486760E-15  2.65008439E-05 -1.03840556E-04
    0.00000000000000     0.00000000000000     0.00000000000000       3.91892255E-04  2.26259099E-04  4.32642726E-04
    0.00000000000000     0.00000000000000     0.00000000000000      -4.43389426E-15  1.53677050E-05  1.50852456E-04
    0.00000000000000     0.00000000000000     0.00000000000000       8.08073525E-05  4.66541468E-05  1.20768477E-04
   -0.00000000000000     0.00000000000000     0.00000000000000      -1.65808361E-05  9.57295019E-06  1.05312630E-04
    0.00000000000000     0.00000000000000     0.00000000000000      -9.38507619E-14 -5.95075282E-14 -4.34255843E-04
   -0.00000000000000     0.00000000000000     0.00000000000000      -1.15764931E-05  6.68369139E-06 -1.10101016E-04
    0.00000000000000     0.00000000000000     0.00000000000000      -9.94786961E-13 -5.47080322E-13  8.21398543E-06
   -0.00000000000000     0.00000000000000     0.00000000000000       2.29504040E-05 -1.32504220E-05 -1.03840556E-04
    0.00000000000000     0.00000000000000     0.00000000000000      -4.70615093E-14 -2.84313746E-14  9.53792452E-05
   -0.00000000000000     0.00000000000000     0.00000000000000       1.33088229E-05 -7.68385246E-06  1.50852456E-04
    0.00000000000000     0.00000000000000     0.00000000000000      -7.46761139E-15  5.01730140E-15 -7.76349572E-08
# Filename: XFSET.lmp_harm10, Snapshot: 1
    0.00000000000000     0.00000000000000     0.00000000000000       1.89879577E-13 -1.28894084E-13 -1.86797676E-03
    0.00000000000000     0.00000000000000     0.00000000000000       1.39128555E-05 -8.03259088E-06  1.68775704E-05
    0.00000000000000     0.00000000000000    -0.01889726124994       2.23464381E-12 -1.72960770E-13  3.40788724E-03
    0.00000000000000     0.00000000000000     0.00000000000000      -1.77248487E-04  1.02334462E-04 -1.20946992E-04
    0.00000000000000     0.00000000000000     0.00000000000000      -6.31246525E-14  2.55143389E-14  4.11432758E-04
    0.00000000000000     0.00000000000000     0.00000000000000       3.91168693E-04 -2.25841350E-04 -4.35969098E-04
    0.00000000000000     0.00000000000000     0.00000000000000       3.28263751E-14 -9.21783281E-15 -1.40406890E-04
    0.00000000000000     0.00000000000000     0.00000000000000       8.05659035E-05 -4.65147461E-05 -1.23994501E-04
    0.00000000000000     0.00000000000000     0.00000000000000      -1.61447240E-05 -9.32116070E-06 -1.07358159E-04
    0.00000000000000     0.00000000000000     0.00000000000000      -3.07261094E-15  1.60651817E-05  1.68775708E-05
    0.00000000000000     0.00000000000000     0.00000000000000      -1.33217777E-05 -7.69133196E-06  1.12134289E-04
    0.00000000000000     0.00000000000000     0.00000000000000      -5.93908468E-14 -2.04668924E-04 -1.20946992E-04
    0.00000000000000     0.00000000000000     0.00000000000000       2.27957035E-05  1.31611056E-05  9.59307624E-05
    0.00000000000000     0.00000000000000     0.00000000000000       1.60320282E-13  4.51682702E-04 -4.35969098E-04
    0.00000000000000     0.00000000000000     0.00000000000000       1.24613457E-05  7.19456126E-06 -1.52325906E-04
    0.00000000000000     0.00000000000000     0.00000000000000       1.20959747E-14  9.30294921E-05 -1.23994501E-04
    0.00000000000000     0.00000000000000     0.00000000000000      -1.55964175E-14  1.86423214E-05 -1.07358159E-04
    0.00000000000000     0.00000000000000     0.00000000000000      -1.39128555E-05 -8.03259087E-06  1.68775708E-05
    0.00000000000000     0.00000000000000     0.00000000000000       2.29473475E-15  1.53826639E-05  1.12134289E-04
    0.00000000000000     0.00000000000000     0.00000000000000       1.77248487E-04  1.02334462E-04 -1.20946992E-04
    0.00000000000000     0.00000000000000     0.00000000000000      -2.95592951E-15 -2.63222111E-05  9.59307624E-05
    0.00000000000000     0.00000000000000     0.00000000000000      -3.91168694E-04 -2.25841351E-04 -4.35969098E-04
    0.00000000000000     0.00000000000000     0.00000000000000       4.70615093E-15 -1.43891226E-05 -1.52325906E-04
    0.00000000000000     0.00000000000000     0.00000000000000      -8.05659034E-05 -4.65147460E-05 -1.23994501E-04
   -0.00000000000000     0.00000000000000     0.00000000000000       1.61447239E-05 -9.32116071E-06 -1.07358159E-04
    0.00000000000000     0.00000000000000     0.00000000000000       9.01558500E-14  5.71350059E-14  4.43834173E-04
   -0.00000000000000     0.00000000000000     0.00000000000000       1.33217776E-05 -7.69133190E-06  1.12134289E-04
    0.00000000000000     0.00000000000000     0.00000000000000      -1.80078337E-14 -3.46154903E-14 -1.37432388E-06
   -0.00000000000000     0.00000000000000     0.00000000000000      -2.27957035E-05  1.31611056E-05  9.59307624E-05
    0.00000000000000     0.00000000000000     0.00000000000000       4.57780136E-14  2.78479675E-14 -9.68377746E-05
   -0.00000000000000     0.00000000000000     0.00000000000000      -1.24613457E-05  7.19456126E-06 -1.52325906E-04
    0.00000000000000     0.00000000000000     0.00000000000000      -1.00178785E-12 -5.85312936E-13 -9.60232309E-06
