# Filename: xfset/XFSET.zno_mlff01, Snapshot: 1
    0.01889726124994     0.00000000000000     0.00000000000000      -4.53001308E-03  7.14263124E-05  4.69198373E-05
    0.00000000000000     0.00000000000000     0.00000000000000       4.62358594E-05 -4.09152133E-05  1.82222868E-04
    0.00000000000000     0.00000000000000     0.00000000000000       2.84574474E-04  1.32349052E-06 -4.55277481E-06
    0.00000000000000     0.00000000000000     0.00000000000000       2.63845728E-05 -1.98220268E-05 -1.19712461E-05
    0.00000000000000     0.00000000000000     0.00000000000000       2.88196005E-05  2.48587934E-07 -3.73671902E-07
    0.00000000000000     0.00000000000000     0.00000000000000       4.58027639E-05 -4.11208713E-05 -4.47338838E-04
    0.00000000000000     0.00000000000000     0.00000000000000       8.40109652E-05  4.99081117E-08  1.30988437E-06
    0.00000000000000     0.00000000000000     0.00000000000000       1.62564394E-03 -8.99466729E-04 -6.21228584E-04
    0.00000000000000     0.00000000000000     0.00000000000000       9.26903468E-05 -5.57081442E-04  1.04109699E-04
    0.00000000000000     0.00000000000000     0.00000000000000      -2.43157797E-05 -7.51070631E-07 -8.93250580E-07
    0.00000000000000     0.00000000000000     0.00000000000000      -7.52370859E-05  3.02391210E-05 -5.25101444E-05
    0.00000000000000     0.00000000000000     0.00000000000000      -7.08129715E-06 -7.63379157E-08 -1.42681552E-06
    0.00000000000000     0.00000000000000     0.00000000000000      -2.42673569E-05  1.04796917E-06  2.81056387E-05
    0.00000000000000     0.00000000000000     0.00000000000000      -2.43333357E-05 -8.83586176E-07  1.31817374E-06
    0.00000000000000     0.00000000000000     0.00000000000000       5.31186247E-06  1.16278208E-04 -1.06150767E-06
    0.00000000000000     0.00000000000000     0.00000000000000       7.68416229E-05 -2.79575733E-06  3.56905274E-06
    0.00000000000000     0.00000000000000     0.00000000000000       1.05837453E-03 -1.19547673E-06 -9.84531734E-07
    0.00000000000000     0.00000000000000     0.00000000000000       4.62177048E-05  4.05550937E-05 -1.83033293E-04
    0.00000000000000     0.00000000000000     0.00000000000000      -1.29268439E-04  5.22281623E-07 -2.17812332E-06
    0.00000000000000     0.00000000000000     0.00000000000000       2.69914059E-05  1.91873258E-05  9.24173164E-06
    0.00000000000000     0.00000000000000     0.00000000000000      -2.64359141E-05  6.42323898E-07 -5.09176879E-07
    0.00000000000000     0.00000000000000     0.00000000000000       4.66519537E-05  4.03707033E-05  4.46634233E-04
    0.00000000000000     0.00000000000000     0.00000000000000      -1.96038335E-04  4.67410191E-08 -1.25697294E-06
    0.00000000000000     0.00000000000000     0.00000000000000       1.52590366E-03  8.31768646E-04  5.83218061E-04
    0.00000000000000     0.00000000000000     0.00000000000000       9.12166587E-05  5.58775332E-04 -1.04569663E-04
   -0.00000000000000     0.00000000000000     0.00000000000000      -1.29936186E-05  8.19059684E-07  1.38333325E-06
    0.00000000000000     0.00000000000000     0.00000000000000      -7.58565029E-05 -3.18156964E-05  5.26380731E-05
   -0.00000000000000     0.00000000000000     0.00000000000000       1.64748241E-05  6.65490970E-07 -7.06118241E-07
    0.00000000000000     0.00000000000000     0.00000000000000      -2.35440289E-05 -1.87857091E-06 -3.05691641E-05
   -0.00000000000000     0.00000000000000     0.00000000000000      -1.29814437E-05  1.14891282E-06 -8.96647321E-08
    0.00000000000000     0.00000000000000     0.00000000000000       5.41452006E-06 -1.16292062E-04  3.69487346E-06
   -0.00000000000000     0.00000000000000     0.00000000000000       2.88049507E-05 -1.02066782E-06  8.88080535E-07
# Filename: xfset/XFSET.zno_mlff02, Snapshot: 1
    0.00000000000000     0.01889726124994     0.00000000000000      -4.59106414E-12 -4.60144546E-03  4.73996880E-05
    0.00000000000000     0.00000000000000     0.00000000000000      -4.10582170E-05 -4.40312690E-07 -1.06163622E-04
    0.00000000000000     0.00000000000000     0.00000000000000      -5.98186787E-14  2.83251309E-04 -4.57201978E-06
    0.00000000000000     0.00000000000000     0.00000000000000      -1.93570848E-05  4.58255185E-06  4.71772293E-06
    0.00000000000000     0.00000000000000     0.00000000000000       2.37252237E-15  2.85710643E-05 -3.77194838E-07
    0.00000000000000     0.00000000000000     0.00000000000000      -4.10361106E-05 -2.54132625E-08  2.58817375E-04
    0.00000000000000     0.00000000000000     0.00000000000000       8.51774424E-15  8.39610094E-05  1.32139246E-06
    0.00000000000000     0.00000000000000     0.00000000000000      -8.47302838E-04  5.70965825E-04  3.43586379E-04
    0.00000000000000     0.00000000000000     0.00000000000000      -5.56780474E-04  7.36475547E-04  5.95109062E-05
    0.00000000000000     0.00000000000000     0.00000000000000       4.50779250E-14  7.01296030E-05  2.10645865E-04
    0.00000000000000     0.00000000000000     0.00000000000000       3.02567528E-05 -1.10839233E-04 -3.17924593E-05
    0.00000000000000     0.00000000000000     0.00000000000000      -1.46240723E-14  3.78408298E-05 -1.35911843E-05
    0.00000000000000     0.00000000000000     0.00000000000000       8.52647624E-07 -2.57385750E-05  1.61848770E-05
    0.00000000000000     0.00000000000000     0.00000000000000      -1.86301347E-14  6.98058568E-05 -5.17056427E-04
    0.00000000000000     0.00000000000000     0.00000000000000       1.16257396E-04 -1.28943417E-04 -1.76858074E-06
    0.00000000000000     0.00000000000000     0.00000000000000       5.26816647E-13  2.15695531E-03 -7.22073339E-04
    0.00000000000000     0.00000000000000     0.00000000000000       5.21954921E-14 -2.31167658E-04 -1.20456005E-04
    0.00000000000000     0.00000000000000     0.00000000000000       4.10582171E-05 -4.40312700E-07 -1.06163622E-04
    0.00000000000000     0.00000000000000     0.00000000000000       2.81591179E-14 -5.76298635E-05  6.15108741E-05
    0.00000000000000     0.00000000000000     0.00000000000000       1.93570848E-05  4.58255182E-06  4.71772291E-06
    0.00000000000000     0.00000000000000     0.00000000000000      -2.41530556E-14 -2.25818141E-05 -3.53513842E-05
    0.00000000000000     0.00000000000000     0.00000000000000       4.10361107E-05 -2.54132729E-08  2.58817375E-04
    0.00000000000000     0.00000000000000     0.00000000000000      -7.70486362E-14  7.25419947E-05  4.92417782E-06
    0.00000000000000     0.00000000000000     0.00000000000000       8.47302842E-04  5.70965828E-04  3.43586380E-04
    0.00000000000000     0.00000000000000     0.00000000000000       5.56780474E-04  7.36475547E-04  5.95109061E-05
   -0.00000000000000     0.00000000000000     0.00000000000000      -8.26104510E-14 -1.38117904E-05  1.39869194E-06
    0.00000000000000     0.00000000000000     0.00000000000000      -3.02567528E-05 -1.10839233E-04 -3.17924594E-05
   -0.00000000000000     0.00000000000000     0.00000000000000      -3.89327031E-14  1.58092822E-05 -7.06400635E-07
    0.00000000000000     0.00000000000000     0.00000000000000      -8.52647605E-07 -2.57385751E-05  1.61848771E-05
   -0.00000000000000     0.00000000000000     0.00000000000000      -8.23381943E-14 -1.41294204E-05 -1.02813807E-07
    0.00000000000000     0.00000000000000     0.00000000000000      -1.16257396E-04 -1.28943417E-04 -1.76858068E-06
   -0.00000000000000     0.00000000000000     0.00000000000000       8.71610267E-14  2.98258000E-05  9.00882771E-07
# Filename: xfset/XFSET.zno_mlff03, Snapshot: 1
    0.00000000000000    -0.01889726124994     0.00000000000000       4.65691136E-12  4.45858084E-03  4.64399928E-05
    0.00000000000000     0.00000000000000     0.00000000000000       4.03987649E-05  1.17056437E-06  1.04702259E-04
    0.00000000000000     0.00000000000000     0.00000000000000       6.14133249E-14 -2.85897636E-04 -4.53352989E-06
    0.00000000000000     0.00000000000000     0.00000000000000       1.96354376E-05 -3.75799719E-06 -7.52999024E-06
    0.00000000000000     0.00000000000000     0.00000000000000      -9.33451423E-16 -2.90681374E-05 -3.70149002E-07
    0.00000000000000     0.00000000000000     0.00000000000000       4.04487423E-05  1.60467499E-06 -2.57294720E-04
    0.00000000000000     0.00000000000000     0.00000000000000      -9.25672662E-15 -8.40609264E-05  1.29837637E-06
    0.00000000000000     0.00000000000000     0.00000000000000       8.83153915E-04 -5.81556038E-04 -3.51495166E-04
    0.00000000000000     0.00000000000000     0.00000000000000       5.59138795E-04 -7.35956738E-04 -6.09770475E-05
    0.00000000000000     0.00000000000000     0.00000000000000      -4.59335888E-14 -6.93677234E-05 -2.11130488E-04
    0.00000000000000     0.00000000000000     0.00000000000000      -3.17701191E-05  1.11899350E-04  2.89307937E-05
    0.00000000000000     0.00000000000000     0.00000000000000       1.66854442E-14 -3.80674369E-05  1.09030588E-05
    0.00000000000000     0.00000000000000     0.00000000000000      -2.07382216E-06  2.54464806E-05 -1.76850831E-05
    0.00000000000000     0.00000000000000     0.00000000000000       1.90190728E-14 -6.96970873E-05  5.15238255E-04
    0.00000000000000     0.00000000000000     0.00000000000000      -1.16319019E-04  1.28862022E-04  9.70436327E-07
    0.00000000000000     0.00000000000000     0.00000000000000      -5.09197751E-13 -1.99477959E-03  6.69007968E-04
    0.00000000000000     0.00000000000000     0.00000000000000      -4.85005802E-14  2.29133851E-04  1.20499297E-04
    0.00000000000000     0.00000000000000     0.00000000000000      -4.03987650E-05  1.17056438E-06  1.04702259E-04
    0.00000000000000     0.00000000000000     0.00000000000000      -2.65644718E-14  5.76170305E-05 -5.98879321E-05
    0.00000000000000     0.00000000000000     0.00000000000000      -1.96354377E-05 -3.75799717E-06 -7.52999022E-06
    0.00000000000000     0.00000000000000     0.00000000000000       2.45030999E-14  2.35426740E-05  3.24063912E-05
    0.00000000000000     0.00000000000000     0.00000000000000      -4.04487424E-05  1.60467500E-06 -2.57294720E-04
    0.00000000000000     0.00000000000000     0.00000000000000       7.82543443E-14 -7.24449784E-05 -5.75103245E-07
    0.00000000000000     0.00000000000000     0.00000000000000      -8.83153919E-04 -5.81556040E-04 -3.51495168E-04
    0.00000000000000     0.00000000000000     0.00000000000000      -5.59138795E-04 -7.35956738E-04 -6.09770474E-05
   -0.00000000000000     0.00000000000000     0.00000000000000       8.15992119E-14  1.21754742E-05  1.36797480E-06
    0.00000000000000     0.00000000000000     0.00000000000000       3.17701191E-05  1.11899350E-04  2.89307937E-05
   -0.00000000000000     0.00000000000000     0.00000000000000       4.04106679E-14 -1.71403646E-05 -7.05835834E-07
    0.00000000000000     0.00000000000000     0.00000000000000       2.07382214E-06  2.54464806E-05 -1.76850832E-05
   -0.00000000000000     0.00000000000000     0.00000000000000       8.18714686E-14  1.18334940E-05 -7.65157344E-08
    0.00000000000000     0.00000000000000     0.00000000000000       1.16319019E-04  1.28862022E-04  9.70436263E-07
   -0.00000000000000     0.00000000000000     0.00000000000000      -8.39717343E-14 -2.77841129E-05  8.75278326E-07
# Filename: xfset/XFSET.zno_mlff04, Snapshot: 1
    0.00000000000000     0.00000000000000     0.01889726124993      -2.60942456E-12 -6.54310554E-13 -4.60028109E-03
    0.00000000000000     0.00000000000000     0.00000000000000       4.47540498E-04 -2.58387627E-04  3.66749146E-04
    0.00000000000000     0.00000000000000     0.00000000000000      -1.72299575E-13  2.92481446E-14  2.63799547E-03
    0.00000000000000     0.00000000000000     0.00000000000000      -2.88928000E-05  1.66812659E-05 -3.44744152E-04
    0.00000000000000     0.00000000000000     0.00000000000000       1.26015942E-14  4.12663317E-14  3.92452678E-04
    0.00000000000000     0.00000000000000     0.00000000000000      -1.79248392E-04  1.03489108E-04  3.68427346E-04
    0.00000000000000     0.00000000000000     0.00000000000000       7.04366887E-14  6.06354487E-14 -1.76332702E-04
    0.00000000000000     0.00000000000000     0.00000000000000      -5.67201865E-04  3.27474150E-04  4.91685485E-04
    0.00000000000000     0.00000000000000     0.00000000000000       1.05582847E-04  6.09582851E-05 -4.08920473E-04
    0.00000000000000     0.00000000000000     0.00000000000000       8.98835933E-14  5.16775254E-04  3.66749146E-04
    0.00000000000000     0.00000000000000     0.00000000000000      -6.02159342E-05 -3.47656859E-05  2.18649990E-04
    0.00000000000000     0.00000000000000     0.00000000000000      -3.05316403E-14 -3.33625317E-05 -3.44744152E-04
    0.00000000000000     0.00000000000000     0.00000000000000       2.92261652E-05  1.68737342E-05  1.27134809E-04
    0.00000000000000     0.00000000000000     0.00000000000000      -2.13138075E-14 -2.06978215E-04  3.68427346E-04
    0.00000000000000     0.00000000000000     0.00000000000000       3.22082207E-05  1.85954250E-05 -2.54052475E-04
    0.00000000000000     0.00000000000000     0.00000000000000      -2.92792596E-13 -6.54948300E-04  4.91685485E-04
    0.00000000000000     0.00000000000000     0.00000000000000      -1.64909751E-14 -1.21916570E-04 -4.08920474E-04
    0.00000000000000     0.00000000000000     0.00000000000000      -4.47540498E-04 -2.58387627E-04  3.66749146E-04
    0.00000000000000     0.00000000000000     0.00000000000000      -4.20053141E-15  6.95313716E-05  2.18649990E-04
    0.00000000000000     0.00000000000000     0.00000000000000       2.88928000E-05  1.66812659E-05 -3.44744152E-04
    0.00000000000000     0.00000000000000     0.00000000000000       9.82457623E-14 -3.37474685E-05  1.27134809E-04
    0.00000000000000     0.00000000000000     0.00000000000000       1.79248392E-04  1.03489108E-04  3.68427346E-04
    0.00000000000000     0.00000000000000     0.00000000000000      -1.55964175E-14 -3.71908498E-05 -2.54052475E-04
    0.00000000000000     0.00000000000000     0.00000000000000       5.67201868E-04  3.27474151E-04  4.91685485E-04
    0.00000000000000     0.00000000000000     0.00000000000000      -1.05582847E-04  6.09582851E-05 -4.08920473E-04
   -0.00000000000000     0.00000000000000     0.00000000000000       1.77744709E-14  1.94080108E-13  3.78728217E-05
    0.00000000000000     0.00000000000000     0.00000000000000       6.02159342E-05 -3.47656859E-05  2.18649990E-04
   -0.00000000000000     0.00000000000000     0.00000000000000      -6.43303606E-14  3.44210212E-14 -2.25234314E-04
    0.00000000000000     0.00000000000000     0.00000000000000      -2.92261650E-05  1.68737342E-05  1.27134809E-04
   -0.00000000000000     0.00000000000000     0.00000000000000       5.49180587E-14 -9.21005404E-14  3.85814506E-05
    0.00000000000000     0.00000000000000     0.00000000000000      -3.22082208E-05  1.85954250E-05 -2.54052475E-04
   -0.00000000000000     0.00000000000000     0.00000000000000       1.78911523E-14  4.35221726E-14  2.00156657E-04
# Filename: xfset/XFSET.zno_mlff05, Snapshot: 1
    0.00000000000000     0.00000000000000    -0.01889726124994       2.61724222E-12  6.53688253E-13  4.41615067E-03
    0.00000000000000     0.00000000000000     0.00000000000000      -4.46543025E-04  2.57811735E-04 -3.67258813E-04
    0.00000000000000     0.00000000000000     0.00000000000000       1.86184665E-13 -3.34097822E-14 -2.43691051E-03
    0.00000000000000     0.00000000000000     0.00000000000000       2.65203294E-05 -1.53115194E-05  3.39662054E-04
    0.00000000000000     0.00000000000000     0.00000000000000      -1.13180985E-14 -4.01773050E-14 -4.00414164E-04
    0.00000000000000     0.00000000000000     0.00000000000000       1.86247907E-04 -1.07530280E-04 -3.65503679E-04
    0.00000000000000     0.00000000000000     0.00000000000000      -7.12534587E-14 -6.05965549E-14  1.69332147E-04
    0.00000000000000     0.00000000000000     0.00000000000000       5.76185836E-04 -3.32661048E-04 -4.88543155E-04
    0.00000000000000     0.00000000000000     0.00000000000000      -1.03088915E-04 -5.95184131E-05  4.06275563E-04
    0.00000000000000     0.00000000000000     0.00000000000000      -9.04670005E-14 -5.15623471E-04 -3.67258814E-04
    0.00000000000000     0.00000000000000     0.00000000000000       6.14273109E-05  3.54650746E-05 -2.14622903E-04
    0.00000000000000     0.00000000000000     0.00000000000000       3.41876584E-14  3.06230386E-05  3.39662055E-04
    0.00000000000000     0.00000000000000     0.00000000000000      -2.94409317E-05 -1.69977297E-05 -1.27020092E-04
    0.00000000000000     0.00000000000000     0.00000000000000       2.31807103E-14  2.15060559E-04 -3.65503679E-04
    0.00000000000000     0.00000000000000     0.00000000000000      -3.30699807E-05 -1.90929623E-05  2.51596249E-04
    0.00000000000000     0.00000000000000     0.00000000000000       2.94348349E-13  6.65322097E-04 -4.88543155E-04
    0.00000000000000     0.00000000000000     0.00000000000000       1.82800904E-14  1.19036826E-04  4.06275563E-04
    0.00000000000000     0.00000000000000     0.00000000000000       4.46543025E-04  2.57811736E-04 -3.67258814E-04
    0.00000000000000     0.00000000000000     0.00000000000000       6.30079711E-15 -7.09301489E-05 -2.14622903E-04
    0.00000000000000     0.00000000000000     0.00000000000000      -2.65203294E-05 -1.53115194E-05  3.39662055E-04
    0.00000000000000     0.00000000000000     0.00000000000000      -9.87902756E-14  3.39954596E-05 -1.27020092E-04
    0.00000000000000     0.00000000000000     0.00000000000000      -1.86247907E-04 -1.07530280E-04 -3.65503680E-04
    0.00000000000000     0.00000000000000     0.00000000000000       1.54408423E-14  3.81859245E-05  2.51596248E-04
    0.00000000000000     0.00000000000000     0.00000000000000      -5.76185839E-04 -3.32661050E-04 -4.88543156E-04
    0.00000000000000     0.00000000000000     0.00000000000000       1.03088915E-04 -5.95184131E-05  4.06275563E-04
   -0.00000000000000     0.00000000000000     0.00000000000000      -1.58297804E-14 -1.92602144E-13 -3.80821876E-05
    0.00000000000000     0.00000000000000     0.00000000000000      -6.14273109E-05  3.54650746E-05 -2.14622903E-04
   -0.00000000000000     0.00000000000000     0.00000000000000       6.52249182E-14 -3.51600036E-14  2.24871348E-04
    0.00000000000000     0.00000000000000     0.00000000000000       2.94409316E-05 -1.69977298E-05 -1.27020092E-04
   -0.00000000000000     0.00000000000000     0.00000000000000      -5.45680145E-14  9.55231957E-14 -3.73358973E-05
    0.00000000000000     0.00000000000000     0.00000000000000       3.30699807E-05 -1.90929623E-05  2.51596249E-04
   -0.00000000000000     0.00000000000000     0.00000000000000      -1.69965947E-14 -4.43389426E-14 -2.01367081E-04
# Filename: xfset/XFSET.zno_mlff06, Snapshot: 1
    0.00000000000000     0.00000000000000     0.00000000000000       2.84617533E-04 -2.18133030E-07  8.70158451E-06
    0.00000000000000     0.00000000000000     0.00000000000000       1.62636522E-03 -8.99070232E-04  5.94089601E-04
    0.01889726124994     0.00000000000000     0.00000000000000      -4.73108629E-03  8.08728913E-05 -4.81434794E-05
    0.00000000000000     0.00000000000000     0.00000000000000       1.05102859E-04 -1.06853840E-04  2.09618726E-04
    0.00000000000000     0.00000000000000     0.00000000000000       8.40079154E-05 -2.17875196E-07 -1.22685632E-06
    0.00000000000000     0.00000000000000     0.00000000000000       2.68304452E-05 -1.99663163E-05  2.69248891E-05
    0.00000000000000     0.00000000000000     0.00000000000000      -6.26293367E-05 -5.97176846E-08  5.76502827E-07
    0.00000000000000     0.00000000000000     0.00000000000000       1.03843829E-04 -1.05763580E-04 -1.42124087E-04
    0.00000000000000     0.00000000000000     0.00000000000000      -7.66386965E-05  3.03276013E-05 -6.16315717E-05
    0.00000000000000     0.00000000000000     0.00000000000000       7.68819861E-05 -8.66226966E-06 -4.27437145E-06
    0.00000000000000     0.00000000000000     0.00000000000000       2.04089190E-04 -4.31462002E-04  2.59246002E-05
    0.00000000000000     0.00000000000000     0.00000000000000      -7.81919462E-05  1.20361029E-06 -2.27730211E-06
    0.00000000000000     0.00000000000000     0.00000000000000       4.07346784E-06  1.15762315E-04  3.31872356E-05
    0.00000000000000     0.00000000000000     0.00000000000000      -7.08564171E-06  3.69703707E-07 -6.88475116E-07
    0.00000000000000     0.00000000000000     0.00000000000000      -1.57774869E-05 -4.48310924E-05  2.16081973E-05
    0.00000000000000     0.00000000000000     0.00000000000000      -7.82047409E-05 -5.58336488E-07  2.10345021E-06
    0.00000000000000     0.00000000000000     0.00000000000000      -1.29257145E-04  1.07107043E-06  1.36303997E-06
    0.00000000000000     0.00000000000000     0.00000000000000       1.52518452E-03  8.32156886E-04 -5.49918463E-04
    0.00000000000000     0.00000000000000     0.00000000000000       9.49656926E-04 -6.99497862E-07  2.66485309E-07
    0.00000000000000     0.00000000000000     0.00000000000000       1.03335064E-04  1.03794060E-04 -2.10283967E-04
    0.00000000000000     0.00000000000000     0.00000000000000      -1.96053095E-04  1.20062334E-06  1.90322974E-06
    0.00000000000000     0.00000000000000     0.00000000000000       2.65374363E-05  1.90428912E-05 -2.85045160E-05
    0.00000000000000     0.00000000000000     0.00000000000000       6.19784467E-05 -4.90631974E-07  2.04864679E-07
    0.00000000000000     0.00000000000000     0.00000000000000       1.04589984E-04  1.04898189E-04  1.41118346E-04
    0.00000000000000     0.00000000000000     0.00000000000000      -7.44111213E-05 -3.17239099E-05  6.00018627E-05
   -0.00000000000000     0.00000000000000     0.00000000000000       2.87789791E-05 -1.66982437E-06 -8.38080544E-07
    0.00000000000000     0.00000000000000     0.00000000000000       2.00832435E-04  4.31328698E-04 -2.41742708E-05
   -0.00000000000000     0.00000000000000     0.00000000000000      -3.69796279E-05  6.37239501E-07 -1.13066621E-06
    0.00000000000000     0.00000000000000     0.00000000000000       6.62454092E-06 -1.16806906E-04 -3.20768428E-05
   -0.00000000000000     0.00000000000000     0.00000000000000       1.64875570E-05  5.53819681E-07 -7.05615838E-07
    0.00000000000000     0.00000000000000     0.00000000000000      -1.65284701E-05  4.53847741E-05 -2.23391924E-05
   -0.00000000000000     0.00000000000000     0.00000000000000      -3.69747285E-05  4.49792887E-07  2.74514309E-06
# Filename: xfset/XFSET.zno_mlff07, Snapshot: 1
    0.00000000000000     0.00000000000000     0.00000000000000      -6.03631921E-14  2.84835778E-04  8.71297959E-06
    0.00000000000000     0.00000000000000     0.00000000000000      -8.50899833E-04  5.72263921E-04 -3.25569049E-04
    0.00000000000000     0.01889726124994     0.00000000000000      -5.04713295E-12 -4.81196378E-03 -4.86465851E-05
    0.00000000000000     0.00000000000000     0.00000000000000      -1.03742959E-04 -1.72815091E-05 -1.22859550E-04
    0.00000000000000     0.00000000000000     0.00000000000000       8.55663805E-15  8.42257498E-05 -1.22711384E-06
    0.00000000000000     0.00000000000000     0.00000000000000      -1.90171814E-05  4.26661644E-06 -1.67292089E-05
    0.00000000000000     0.00000000000000     0.00000000000000      -4.66725712E-16 -6.25696360E-05  5.81171372E-07
    0.00000000000000     0.00000000000000     0.00000000000000      -1.05411330E-04 -1.67030065E-05  8.30056843E-05
    0.00000000000000     0.00000000000000     0.00000000000000       2.99993543E-05 -1.11883952E-04 -3.44798289E-05
    0.00000000000000     0.00000000000000     0.00000000000000       1.85795727E-13  2.15948283E-03  6.91534755E-04
    0.00000000000000     0.00000000000000     0.00000000000000      -4.31030661E-04  7.01808693E-04  1.49341805E-05
    0.00000000000000     0.00000000000000     0.00000000000000       2.55921265E-14  1.66665175E-04  2.42731388E-04
    0.00000000000000     0.00000000000000     0.00000000000000       1.15288089E-04 -1.29708495E-04  2.03062649E-05
    0.00000000000000     0.00000000000000     0.00000000000000       2.64866841E-14  3.83026988E-05  3.11728182E-05
    0.00000000000000     0.00000000000000     0.00000000000000      -4.46647794E-05  3.61305425E-05  1.27017940E-05
    0.00000000000000     0.00000000000000     0.00000000000000      -3.44210212E-14  1.65058753E-04 -1.64895613E-04
    0.00000000000000     0.00000000000000     0.00000000000000      -4.36777479E-14 -5.62140380E-05  6.86799221E-05
    0.00000000000000     0.00000000000000     0.00000000000000       8.50899837E-04  5.72263923E-04 -3.25569051E-04
    0.00000000000000     0.00000000000000     0.00000000000000       1.25238066E-13 -4.82061165E-05 -2.78439802E-05
    0.00000000000000     0.00000000000000     0.00000000000000       1.03742959E-04 -1.72815092E-05 -1.22859550E-04
    0.00000000000000     0.00000000000000     0.00000000000000      -2.57477018E-14  7.39058613E-05 -3.75620131E-05
    0.00000000000000     0.00000000000000     0.00000000000000       1.90171814E-05  4.26661642E-06 -1.67292089E-05
    0.00000000000000     0.00000000000000     0.00000000000000       1.71521699E-14 -4.26514731E-05 -2.59281201E-05
    0.00000000000000     0.00000000000000     0.00000000000000       1.05411330E-04 -1.67030065E-05  8.30056844E-05
    0.00000000000000     0.00000000000000     0.00000000000000      -2.99993542E-05 -1.11883952E-04 -3.44798289E-05
   -0.00000000000000     0.00000000000000     0.00000000000000       8.56441681E-14  3.04488609E-05 -8.33646567E-07
    0.00000000000000     0.00000000000000     0.00000000000000       4.31030661E-04  7.01808693E-04  1.49341805E-05
   -0.00000000000000     0.00000000000000     0.00000000000000      -2.63700027E-14 -3.76161978E-05 -1.13270889E-06
    0.00000000000000     0.00000000000000     0.00000000000000      -1.15288089E-04 -1.29708495E-04  2.03062649E-05
   -0.00000000000000     0.00000000000000     0.00000000000000      -3.80381455E-14  1.59337672E-05 -7.04358066E-07
    0.00000000000000     0.00000000000000     0.00000000000000       4.46647794E-05  3.61305425E-05  1.27017939E-05
   -0.00000000000000     0.00000000000000     0.00000000000000      -2.65644718E-14 -3.74238596E-05  2.74053239E-06
# Filename: xfset/XFSET.zno_mlff08, Snapshot: 1
    0.00000000000000     0.00000000000000     0.00000000000000       6.09854930E-14 -2.84399285E-04  8.69018982E-06
    0.00000000000000     0.00000000000000     0.00000000000000       8.79523923E-04 -5.80298182E-04  3.34591072E-04
    0.00000000000000    -0.01889726124994     0.00000000000000       5.10866296E-12  4.65020892E-03 -4.76403792E-05
    0.00000000000000     0.00000000000000     0.00000000000000       1.06899354E-04  1.74983371E-05  1.19601494E-04
    0.00000000000000     0.00000000000000     0.00000000000000      -9.29562043E-15 -8.37900849E-05 -1.22659903E-06
    0.00000000000000     0.00000000000000     0.00000000000000       1.99772620E-05 -4.06663174E-06  1.52846386E-05
    0.00000000000000     0.00000000000000     0.00000000000000       2.83924808E-15  6.26890382E-05  5.71834336E-07
    0.00000000000000     0.00000000000000     0.00000000000000       1.05266255E-04  1.80829123E-05 -8.05364406E-05
    0.00000000000000     0.00000000000000     0.00000000000000      -3.20422861E-05  1.10814547E-04  3.57539775E-05
    0.00000000000000     0.00000000000000     0.00000000000000      -1.73777540E-13 -1.99225654E-03 -6.29785265E-04
    0.00000000000000     0.00000000000000     0.00000000000000       4.31761728E-04 -6.99373443E-04 -1.39954597E-05
    0.00000000000000     0.00000000000000     0.00000000000000      -2.52031884E-14 -1.63386472E-04 -2.42100364E-04
    0.00000000000000     0.00000000000000     0.00000000000000      -1.17277628E-04  1.28131652E-04 -1.73985646E-05
    0.00000000000000     0.00000000000000     0.00000000000000      -2.50087194E-14 -3.75952836E-05 -3.28198818E-05
    0.00000000000000     0.00000000000000     0.00000000000000       4.55509071E-05 -3.57388388E-05 -1.26723091E-05
    0.00000000000000     0.00000000000000     0.00000000000000       3.32542070E-14 -1.64971230E-04  1.62152545E-04
    0.00000000000000     0.00000000000000     0.00000000000000       4.34443850E-14  5.90028930E-05 -7.17615573E-05
    0.00000000000000     0.00000000000000     0.00000000000000      -8.79523928E-04 -5.80298184E-04  3.34591074E-04
    0.00000000000000     0.00000000000000     0.00000000000000      -1.19287313E-13  4.50010519E-05  3.00001684E-05
    0.00000000000000     0.00000000000000     0.00000000000000      -1.06899354E-04  1.74983371E-05  1.19601495E-04
    0.00000000000000     0.00000000000000     0.00000000000000       2.70311975E-14 -7.10642610E-05  3.77738578E-05
    0.00000000000000     0.00000000000000     0.00000000000000      -1.99772620E-05 -4.06663172E-06  1.52846386E-05
    0.00000000000000     0.00000000000000     0.00000000000000      -1.67632318E-14  4.17423081E-05  2.48168895E-05
    0.00000000000000     0.00000000000000     0.00000000000000      -1.05266255E-04  1.80829123E-05 -8.05364408E-05
    0.00000000000000     0.00000000000000     0.00000000000000       3.20422861E-05  1.10814547E-04  3.57539775E-05
   -0.00000000000000     0.00000000000000     0.00000000000000      -8.55274867E-14 -2.71091060E-05 -8.42514435E-07
    0.00000000000000     0.00000000000000     0.00000000000000      -4.31761728E-04 -6.99373443E-04 -1.39954597E-05
   -0.00000000000000     0.00000000000000     0.00000000000000       2.87425251E-14  3.63430787E-05 -1.12862343E-06
    0.00000000000000     0.00000000000000     0.00000000000000       1.17277628E-04  1.28131652E-04 -1.73985646E-05
   -0.00000000000000     0.00000000000000     0.00000000000000       4.10718626E-14 -1.70413460E-05 -7.06873743E-07
    0.00000000000000     0.00000000000000     0.00000000000000      -4.55509071E-05 -3.57388388E-05 -1.26723090E-05
   -0.00000000000000     0.00000000000000     0.00000000000000       2.85869498E-14  3.65256172E-05  2.74975397E-06
# Filename: xfset/XFSET.zno_mlff09, Snapshot: 1
    0.00000000000000     0.00000000000000     0.00000000000000       1.05791161E-14 -4.45723055E-14  2.43309371E-03
    0.00000000000000     0.00000000000000     0.00000000000000       6.04134066E-04 -3.48796966E-04  4.87450699E-04
    0.00000000000000     0.00000000000000     0.01889726124994       2.60055677E-12  5.34089789E-13 -4.70441376E-03
    0.00000000000000     0.00000000000000     0.00000000000000       1.44128210E-04 -8.32124609E-05  3.72560176E-04
    0.00000000000000     0.00000000000000     0.00000000000000      -4.67114650E-14 -3.29430565E-14 -1.75236952E-04
    0.00000000000000     0.00000000000000     0.00000000000000       1.09490780E-05 -6.32145318E-06 -3.40843117E-04
    0.00000000000000     0.00000000000000     0.00000000000000      -1.28349571E-14 -4.58169074E-14  2.41203743E-04
    0.00000000000000     0.00000000000000     0.00000000000000      -2.06976403E-04  1.19497882E-04  3.71610197E-04
    0.00000000000000     0.00000000000000     0.00000000000000      -5.25106644E-05 -3.03170462E-05  2.14991693E-04
    0.00000000000000     0.00000000000000     0.00000000000000       2.11737898E-13  6.97593933E-04  4.87450699E-04
    0.00000000000000     0.00000000000000     0.00000000000000       2.60294330E-05  1.50281001E-05 -3.41613492E-04
    0.00000000000000     0.00000000000000     0.00000000000000       7.26925296E-14  1.66424922E-04  3.72560176E-04
    0.00000000000000     0.00000000000000     0.00000000000000      -3.20944802E-06 -1.85297563E-06 -2.50814917E-04
    0.00000000000000     0.00000000000000     0.00000000000000      -4.31332345E-14  1.26429062E-05 -3.40843117E-04
    0.00000000000000     0.00000000000000     0.00000000000000       2.27808620E-05  1.31525368E-05  2.39363488E-04
    0.00000000000000     0.00000000000000     0.00000000000000      -8.96502305E-14 -2.38995764E-04  3.71610197E-04
    0.00000000000000     0.00000000000000     0.00000000000000       1.05013285E-14  6.06340925E-05  2.14991692E-04
    0.00000000000000     0.00000000000000     0.00000000000000      -6.04134069E-04 -3.48796968E-04  4.87450699E-04
    0.00000000000000     0.00000000000000     0.00000000000000      -8.47885043E-15 -3.00562001E-05 -3.41613493E-04
    0.00000000000000     0.00000000000000     0.00000000000000      -1.44128210E-04 -8.32124611E-05  3.72560176E-04
    0.00000000000000     0.00000000000000     0.00000000000000       1.69577009E-14  3.70595137E-06 -2.50814917E-04
    0.00000000000000     0.00000000000000     0.00000000000000      -1.09490781E-05 -6.32145316E-06 -3.40843117E-04
    0.00000000000000     0.00000000000000     0.00000000000000      -1.48963290E-14 -2.63050737E-05  2.39363488E-04
    0.00000000000000     0.00000000000000     0.00000000000000       2.06976403E-04  1.19497882E-04  3.71610197E-04
    0.00000000000000     0.00000000000000     0.00000000000000       5.25106645E-05 -3.03170462E-05  2.14991693E-04
   -0.00000000000000     0.00000000000000     0.00000000000000      -2.13915951E-15 -1.27182756E-14  2.02314421E-04
    0.00000000000000     0.00000000000000     0.00000000000000      -2.60294330E-05  1.50281001E-05 -3.41613492E-04
   -0.00000000000000     0.00000000000000     0.00000000000000       1.50985768E-13 -8.68109824E-14 -1.63721951E-05
    0.00000000000000     0.00000000000000     0.00000000000000       3.20944794E-06 -1.85297557E-06 -2.50814917E-04
   -0.00000000000000     0.00000000000000     0.00000000000000       1.56353113E-14 -3.99439422E-14 -2.26467502E-04
    0.00000000000000     0.00000000000000     0.00000000000000      -2.27808620E-05  1.31525368E-05  2.39363488E-04
   -0.00000000000000     0.00000000000000     0.00000000000000      -2.62922151E-14 -1.29127447E-14 -1.22356367E-05
# Filename: xfset/XFSET.zno_mlff10, Snapshot: 1
    0.00000000000000     0.00000000000000     0.00000000000000       9.45119566E-15  3.79603579E-14 -2.64194178E-03
    0.00000000000000     0.00000000000000     0.00000000000000      -5.99830571E-04  3.46312342E-04 -4.92822854E-04
    0.00000000000000     0.00000000000000    -0.01889726124994      -2.59658960E-12 -5.39379348E-13  4.92452651E-03
    0.00000000000000     0.00000000000000     0.00000000000000      -1.39166018E-04  8.03475379E-05 -3.72936631E-04
    0.00000000000000     0.00000000000000     0.00000000000000       4.63614207E-14  3.08427908E-14  1.70847024E-04
    0.00000000000000     0.00000000000000     0.00000000000000      -1.03102176E-05  5.95260694E-06  3.43602210E-04
    0.00000000000000     0.00000000000000     0.00000000000000       1.36517271E-14  4.47667745E-14 -2.42008579E-04
    0.00000000000000     0.00000000000000     0.00000000000000       2.12989962E-04 -1.22969812E-04 -3.73965283E-04
    0.00000000000000     0.00000000000000     0.00000000000000       5.26933293E-05  3.04225078E-05 -2.18212087E-04
    0.00000000000000     0.00000000000000     0.00000000000000      -2.11854579E-13 -6.92624685E-04 -4.92822855E-04
    0.00000000000000     0.00000000000000     0.00000000000000      -2.40219337E-05 -1.38690699E-05  3.43924970E-04
    0.00000000000000     0.00000000000000     0.00000000000000      -7.29647863E-14 -1.60695076E-04 -3.72936632E-04
    0.00000000000000     0.00000000000000     0.00000000000000       1.55829204E-06  8.99680284E-07  2.54956491E-04
    0.00000000000000     0.00000000000000     0.00000000000000       4.88895183E-14 -1.19052138E-05  3.43602210E-04
    0.00000000000000     0.00000000000000     0.00000000000000      -2.11651085E-05 -1.22196811E-05 -2.38877154E-04
    0.00000000000000     0.00000000000000     0.00000000000000       8.91835047E-14  2.45939623E-04 -3.73965283E-04
    0.00000000000000     0.00000000000000     0.00000000000000      -7.77876186E-15 -6.08450158E-05 -2.18212087E-04
    0.00000000000000     0.00000000000000     0.00000000000000       5.99830574E-04  3.46312344E-04 -4.92822855E-04
    0.00000000000000     0.00000000000000     0.00000000000000       1.27182756E-14  2.77381396E-05  3.43924971E-04
    0.00000000000000     0.00000000000000     0.00000000000000       1.39166018E-04  8.03475381E-05 -3.72936632E-04
    0.00000000000000     0.00000000000000     0.00000000000000      -1.54408423E-14 -1.79936068E-06  2.54956491E-04
    0.00000000000000     0.00000000000000     0.00000000000000       1.03102176E-05  5.95260692E-06  3.43602210E-04
    0.00000000000000     0.00000000000000     0.00000000000000       1.24460190E-14  2.44393623E-05 -2.38877154E-04
    0.00000000000000     0.00000000000000     0.00000000000000      -2.12989962E-04 -1.22969812E-04 -3.73965283E-04
    0.00000000000000     0.00000000000000     0.00000000000000      -5.26933294E-05  3.04225079E-05 -2.18212087E-04
   -0.00000000000000     0.00000000000000     0.00000000000000       6.45637235E-15  1.28738509E-14 -1.99141153E-04
    0.00000000000000     0.00000000000000     0.00000000000000       2.40219337E-05 -1.38690699E-05  3.43924970E-04
   -0.00000000000000     0.00000000000000     0.00000000000000      -1.49702272E-13  8.82111595E-14  1.15361127E-05
    0.00000000000000     0.00000000000000     0.00000000000000      -1.55829197E-06  8.99680222E-07  2.54956491E-04
   -0.00000000000000     0.00000000000000     0.00000000000000      -1.27960633E-14  4.54279693E-14  2.23496443E-04
    0.00000000000000     0.00000000000000     0.00000000000000       2.11651085E-05 -1.22196811E-05 -2.38877154E-04
   -0.00000000000000     0.00000000000000     0.00000000000000       2.56699141E-14  1.41573466E-14  1.56764381E-05
