 &plot nbnd=  36, nks=    36 /
            0.000000  0.000000  0.000000
 -113.710 -113.669  -67.883  -67.868  -67.868  -67.865  -67.861  -67.861   -7.580   -7.318
   -0.771   -0.771   -0.683   -0.525   -0.525    0.443    0.443    0.475    0.750    0.750
    1.848    6.584    6.584    7.412    7.499    7.499   10.913   15.193   18.333   22.787
   22.787   24.089   24.089   24.099   26.435   28.138
            0.100000  0.057735  0.000000
 -113.711 -113.674  -67.885  -67.869  -67.866  -67.866  -67.861  -67.861   -7.566   -7.302
   -0.811   -0.724   -0.630   -0.516   -0.459    0.303    0.414    0.437    0.757    1.052
    1.878    6.172    6.423    6.997    7.335    7.416   11.466   15.593   18.315   21.786
   22.899   23.358   24.222   24.240   25.995   27.491
            0.200000  0.115470  0.000000
 -113.714 -113.687  -67.887  -67.871  -67.868  -67.864  -67.863  -67.861   -7.520   -7.264
   -0.884   -0.613   -0.574   -0.422   -0.275    0.230    0.337    0.447    0.771    1.411
    2.084    5.125    6.002    6.037    7.103    7.188   12.606   16.514   18.247   20.248
   22.113   23.184   23.711   24.281   25.403   27.349
            0.300000  0.173205  0.000000
 -113.718 -113.701  -67.889  -67.874  -67.870  -67.865  -67.863  -67.862   -7.444   -7.220
   -0.954   -0.531   -0.513   -0.193   -0.018    0.225    0.355    0.519    0.786    1.527
    2.601    3.887    5.057    5.469    6.721    6.889   13.865   17.339   18.043   19.050
   21.228   22.632   23.408   24.103   25.764   28.285
            0.400000  0.230940  0.000000
 -113.721 -113.710  -67.890  -67.877  -67.873  -67.867  -67.864  -67.863   -7.368   -7.187
   -0.993   -0.468   -0.433    0.092    0.204    0.213    0.513    0.640    0.800    1.485
    2.728    3.296    4.291    5.012    6.265    6.633   15.047   17.440   17.581   18.519
   20.811   22.342   23.281   24.202   25.895   28.540
            0.500000  0.288675  0.000000
 -113.723 -113.713  -67.890  -67.878  -67.874  -67.867  -67.864  -67.863   -7.335   -7.175
   -1.002   -0.459   -0.371    0.080    0.304    0.465    0.627    0.707    0.807    1.214
    2.552    3.304    4.115    4.827    6.017    6.531   15.763   16.874   17.537   18.433
   20.657   22.461   23.180   24.295   25.865   28.669
            0.500000  0.288675  0.062511
 -113.723 -113.713  -67.890  -67.878  -67.874  -67.868  -67.865  -67.863   -7.326   -7.173
   -1.015   -0.451   -0.444    0.076    0.283    0.443    0.686    0.708    0.800    1.215
    2.503    3.244    4.272    4.875    6.065    6.493   15.685   16.814   17.636   18.458
   20.613   22.524   23.205   24.264   25.498   28.735
            0.500000  0.288675  0.125023
 -113.723 -113.715  -67.888  -67.877  -67.873  -67.868  -67.865  -67.863   -7.302   -7.169
   -1.051   -0.632   -0.398    0.071    0.221    0.381    0.711    0.781    0.818    1.214
    2.425    3.093    4.656    5.012    6.166    6.382   15.535   16.635   17.857   18.518
   20.536   22.611   23.276   24.177   24.904   28.761
            0.500000  0.288675  0.187534
 -113.723 -113.717  -67.885  -67.876  -67.873  -67.870  -67.866  -67.864   -7.266   -7.168
   -1.091   -0.828   -0.325    0.073    0.126    0.296    0.715    0.761    0.955    1.207
    2.397    2.901    5.127    5.217    6.208    6.228   15.447   16.354   18.097   18.566
   20.555   22.392   23.389   24.044   24.800   28.268
            0.500000  0.288675  0.250045
 -113.723 -113.720  -67.881  -67.875  -67.874  -67.871  -67.866  -67.864   -7.229   -7.176
   -1.109   -0.986   -0.228    0.009    0.095    0.211    0.722    0.744    1.065    1.185
    2.442    2.713    5.465    5.583    5.984    6.167   15.501   16.018   18.302   18.550
   20.782   21.826   23.537   23.881   25.345   27.289
            0.500000  0.288675  0.312557
 -113.722 -113.722  -67.878  -67.878  -67.873  -67.873  -67.865  -67.865   -7.196   -7.196
   -1.080   -1.080   -0.113   -0.113    0.141    0.141    0.731    0.731    1.140    1.140
    2.553    2.553    5.729    5.729    5.947    5.947   15.707   15.707   18.457   18.457
   21.230   21.230   23.706   23.706   26.243   26.243
            0.400000  0.230940  0.312557
 -113.720 -113.720  -67.877  -67.877  -67.872  -67.872  -67.864  -67.864   -7.223   -7.223
   -1.062   -1.062   -0.160   -0.160    0.013    0.013    0.700    0.700    0.983    0.983
    3.024    3.024    5.864    5.864    5.927    5.927   15.562   15.562   18.603   18.603
   21.317   21.317   23.683   23.683   26.238   26.238
            0.300000  0.173205  0.312557
 -113.714 -113.714  -67.876  -67.876  -67.870  -67.870  -67.863  -67.863   -7.293   -7.293
   -1.003   -1.003   -0.298   -0.298   -0.250   -0.250    0.650    0.650    0.814    0.814
    3.917    3.917    5.928    5.928    6.206    6.206   15.115   15.115   19.068   19.068
   21.456   21.456   23.589   23.589   26.542   26.542
            0.200000  0.115470  0.312557
 -113.706 -113.706  -67.875  -67.875  -67.867  -67.867  -67.863  -67.863   -7.374   -7.374
   -0.909   -0.909   -0.483   -0.483   -0.467   -0.467    0.630    0.630    0.711    0.711
    4.617    4.617    6.180    6.180    6.611    6.611   14.433   14.433   19.698   19.698
   21.700   21.700   23.395   23.395   27.428   27.428
            0.100000  0.057735  0.312557
 -113.698 -113.698  -67.872  -67.872  -67.865  -67.865  -67.863  -67.863   -7.436   -7.436
   -0.803   -0.803   -0.635   -0.635   -0.604   -0.604    0.631    0.631    0.653    0.653
    4.830    4.830    6.749    6.749    6.931    6.931   13.755   13.755   20.030   20.030
   22.459   22.459   23.170   23.170   28.317   28.317
            0.000000  0.000000  0.312557
 -113.695 -113.695  -67.871  -67.871  -67.864  -67.864  -67.864  -67.864   -7.459   -7.459
   -0.714   -0.714   -0.693   -0.693   -0.693   -0.693    0.635    0.635    0.635    0.635
    4.851    4.851    7.051    7.051    7.051    7.051   13.454   13.454   20.081   20.081
   23.069   23.069   23.069   23.069   28.164   28.164
            0.000000  0.000000  0.250045
 -113.701 -113.689  -67.874  -67.868  -67.865  -67.865  -67.863  -67.863   -7.501   -7.415
   -0.759   -0.726   -0.726   -0.651   -0.651   -0.592    0.583    0.583    0.679    0.679
    4.127    5.553    6.909    6.909    7.192    7.192   12.815   14.035   19.422   20.894
   22.918   22.918   23.283   23.283   27.692   28.674
            0.000000  0.000000  0.187534
 -113.705 -113.681  -67.877  -67.867  -67.866  -67.866  -67.862  -67.862   -7.536   -7.374
   -0.753   -0.750   -0.750   -0.606   -0.606   -0.376    0.531    0.531    0.712    0.712
    3.403    6.213    6.779    6.779    7.317    7.317   12.164   14.524   18.926   21.830
   22.830   22.830   23.541   23.541   27.277   29.055
            0.000000  0.000000  0.125023
 -113.708 -113.675  -67.880  -67.867  -67.867  -67.866  -67.861  -67.861   -7.561   -7.343
   -0.763   -0.763   -0.723   -0.564   -0.564   -0.069    0.486    0.486    0.735    0.735
    2.712    6.675    6.675    6.799    7.415    7.415   11.559   14.891   18.588   22.794
   22.794   22.820   23.804   23.804   26.915   28.570
            0.000000  0.000000  0.062511
 -113.709 -113.670  -67.882  -67.867  -67.867  -67.865  -67.861  -67.861   -7.575   -7.324
   -0.769   -0.769   -0.694   -0.535   -0.535    0.279    0.454    0.454    0.746    0.746
    2.125    6.607    6.607    7.239    7.478    7.478   11.096   15.117   18.395   22.787
   22.787   23.698   24.009   24.009   26.599   28.250
            0.000000  0.000000  0.000000
 -113.710 -113.669  -67.883  -67.868  -67.868  -67.865  -67.861  -67.861   -7.580   -7.318
   -0.771   -0.771   -0.683   -0.525   -0.525    0.443    0.443    0.475    0.750    0.750
    1.848    6.584    6.584    7.412    7.499    7.499   10.913   15.193   18.333   22.787
   22.787   24.089   24.089   24.099   26.435   28.138
            0.133300  0.153864  0.000000
 -113.713 -113.684  -67.887  -67.871  -67.867  -67.865  -67.863  -67.861   -7.534   -7.274
   -0.846   -0.666   -0.563   -0.482   -0.318    0.230    0.360    0.438    0.767    1.348
    2.006    5.478    5.952    6.386    7.175    7.222   12.322   16.288   18.278   20.645
   22.283   23.139   23.692   24.702   25.563   26.461
            0.266600  0.307843  0.000000
 -113.719 -113.707  -67.888  -67.880  -67.871  -67.868  -67.862  -67.861   -7.395   -7.207
   -0.865   -0.564   -0.380   -0.167    0.148    0.244    0.358    0.570    0.815    1.567
    2.848    3.687    4.467    4.985    6.468    6.514   14.667   17.602   18.280   18.753
   20.995   21.827   22.455   24.576   25.902   27.636
            0.399900  0.461707  0.000000
 -113.721 -113.715  -67.890  -67.882  -67.876  -67.872  -67.861  -67.861   -7.292   -7.200
   -0.898   -0.418   -0.108    0.201    0.266    0.424    0.511    0.585    1.168    1.246
    2.694    3.405    3.601    4.677    5.634    5.913   16.681   17.603   17.642   18.420
   20.697   21.477   22.731   23.373   25.379   30.008
            0.533300  0.615744  0.000000
 -113.720 -113.712  -67.887  -67.884  -67.873  -67.870  -67.861  -67.861   -7.347   -7.201
   -0.842   -0.490   -0.202   -0.144    0.242    0.322    0.359    0.591    0.877    1.597
    2.892    3.583    4.168    4.470    6.112    6.225   15.472   17.634   18.471   18.556
   21.002   21.498   21.734   24.554   25.549   28.245
            0.666600  0.769723  0.000000
 -113.719 -113.705  -67.889  -67.875  -67.871  -67.866  -67.863  -67.863   -7.417   -7.207
   -0.971   -0.503   -0.492   -0.092    0.068    0.195    0.411    0.558    0.791    1.535
    2.767    3.533    4.760    5.298    6.569    6.793   14.276   17.483   17.899   18.790
   21.054   22.432   23.394   24.107   25.847   28.346
            0.666600  0.769723  0.062511
 -113.719 -113.706  -67.889  -67.875  -67.871  -67.866  -67.863  -67.863   -7.408   -7.207
   -0.983   -0.546   -0.481   -0.103    0.051    0.160    0.438    0.563    0.784    1.447
    2.855    3.650    4.726    5.339    6.582    6.758   14.302   17.243   18.071   18.807
   21.047   22.472   23.398   24.078   25.536   28.513
            0.666600  0.769723  0.125023
 -113.719 -113.708  -67.887  -67.874  -67.871  -67.867  -67.864  -67.863   -7.383   -7.209
   -1.013   -0.659   -0.449   -0.131    0.003    0.067    0.514    0.578    0.764    1.279
    3.024    3.899    4.713    5.454    6.585    6.659   14.393   16.808   18.319   18.858
   21.008   22.531   23.417   23.998   25.049   28.575
            0.666600  0.769723  0.187534
 -113.719 -113.711  -67.884  -67.873  -67.872  -67.868  -67.864  -67.863   -7.347   -7.217
   -1.046   -0.805   -0.396   -0.161   -0.069   -0.036    0.601    0.621    0.734    1.123
    3.208    3.962    4.972    5.630    6.503    6.503   14.579   16.307   18.546   18.922
   20.979   22.359   23.458   23.884   25.001   28.141
            0.666600  0.769723  0.250045
 -113.718 -113.714  -67.880  -67.874  -67.872  -67.869  -67.864  -67.863   -7.306   -7.236
   -1.059   -0.939   -0.326   -0.175   -0.154   -0.115    0.631    0.700    0.739    0.986
    3.405    3.815    5.446    5.846    6.282    6.303   14.882   15.787   18.737   18.944
   21.087   21.897   23.529   23.754   25.532   27.316
            0.666600  0.769723  0.312557
 -113.716 -113.716  -67.877  -67.877  -67.871  -67.871  -67.864  -67.864   -7.267   -7.267
   -1.027   -1.027   -0.243   -0.243   -0.161   -0.161    0.665    0.665    0.861    0.861
    3.613    3.613    5.916    5.916    6.078    6.078   15.297   15.297   18.878   18.878
   21.412   21.412   23.631   23.631   26.377   26.377
            0.533300  0.615744  0.312557
 -113.720 -113.720  -67.878  -67.878  -67.875  -67.875  -67.863  -67.863   -7.218   -7.218
   -0.856   -0.856   -0.275   -0.275   -0.079   -0.079    0.680    0.680    1.107    1.107
    3.278    3.278    5.111    5.111    6.060    6.060   16.177   16.177   18.792   18.792
   20.208   20.208   24.074   24.074   26.890   26.890
            0.399900  0.461707  0.312557
 -113.722 -113.722  -67.880  -67.880  -67.874  -67.874  -67.863  -67.863   -7.184   -7.184
   -0.821   -0.821   -0.270   -0.270    0.170    0.170    0.625    0.625    1.395    1.395
    2.716    2.716    4.734    4.734    6.090    6.090   16.749   16.749   18.497   18.497
   19.715   19.715   24.667   24.667   26.475   26.475
            0.266600  0.307843  0.312557
 -113.717 -113.717  -67.876  -67.876  -67.873  -67.873  -67.863  -67.863   -7.252   -7.252
   -0.937   -0.937   -0.294   -0.294   -0.154   -0.154    0.677    0.677    0.936    0.936
    3.586    3.586    5.597    5.597    6.044    6.044   15.636   15.636   18.913   18.913
   20.867   20.867   23.697   23.697   26.902   26.902
            0.133300  0.153864  0.312557
 -113.704 -113.704  -67.874  -67.874  -67.867  -67.867  -67.862  -67.862   -7.392   -7.392
   -0.872   -0.872   -0.570   -0.570   -0.474   -0.474    0.629    0.629    0.695    0.695
    4.710    4.710    6.318    6.318    6.673    6.673   14.268   14.268   19.831   19.831
   21.814   21.814   23.300   23.300   27.924   27.924
            0.000000  0.000000  0.312557
 -113.695 -113.695  -67.871  -67.871  -67.864  -67.864  -67.864  -67.864   -7.459   -7.459
   -0.714   -0.714   -0.693   -0.693   -0.693   -0.693    0.635    0.635    0.635    0.635
    4.851    4.851    7.051    7.051    7.051    7.051   13.454   13.454   20.081   20.081
   23.069   23.069   23.069   23.069   28.164   28.164
