ATOMIC_POSITIONS crystal
Zn 0.3333333333 0.6666666667 -0.0007998299  
Zn 0.6666666667 0.3333333333 0.4992001701  
O 0.3333333333 0.6666666667 0.3807998299  
O 0.6666666667 0.3333333333 0.8807998299  



=============================================

In [17]: print(img1.get_scaled_positions()) 
[[0.33333333 0.66666667 0.99920017]
 [0.66666667 0.33333333 0.49920017]
 [0.33333333 0.66666667 0.38079983]
 [0.66666667 0.33333333 0.88079983]]

In [18]: print(img2.get_scaled_positions())
[[0.33333333 0.66666667 0.94      ]
 [0.66666667 0.33333333 0.44      ]
 [0.33333333 0.66666667 0.44      ]
 [0.66666667 0.33333333 0.94      ]]

