&general
PREFIX = pbeu_mlff
MODE = optimize
NAT = 32
NKD = 2
KD =  Zn O
/
&optimize
DFSET = XFSET_harmonic
/
&interaction
NORDER = 1
/

&cell
12.259488437119218
1.0 0.0 0.0
-0.5000000005057226 0.866025403437827 0.0
0.0 0.0 1.5997090741920728
/

&cutoff 
  Zn-Zn None
  O-O None
  Zn-O None
/

&position 
1 0.16666666665 0.33333333335 0.99960008505
1 0.33333333335 0.16666666665 0.24960008505
2 0.16666666665 0.33333333335 0.19039991495
2 0.33333333335 0.16666666665 0.44039991494999997
1 0.16666666665 0.33333333335 0.49960008505000003
1 0.33333333335 0.16666666665 0.74960008505
2 0.16666666665 0.33333333335 0.69039991495
2 0.33333333335 0.16666666665 0.94039991495
1 0.16666666665000002 0.83333333335 0.99960008505
1 0.33333333335 0.6666666666500001 0.24960008505
2 0.16666666665000002 0.83333333335 0.19039991495
2 0.33333333335 0.6666666666500001 0.44039991494999997
1 0.16666666665000002 0.83333333335 0.49960008505000003
1 0.33333333335 0.6666666666500001 0.74960008505
2 0.16666666665000002 0.83333333335 0.69039991495
2 0.33333333335 0.6666666666500001 0.94039991495
1 0.6666666666499999 0.33333333335 0.99960008505
1 0.8333333333499999 0.16666666665 0.24960008505
2 0.6666666666499999 0.33333333335 0.19039991495
2 0.8333333333499999 0.16666666665 0.44039991494999997
1 0.6666666666499999 0.33333333335 0.49960008505000003
1 0.8333333333499999 0.16666666665 0.74960008505
2 0.6666666666499999 0.33333333335 0.69039991495
2 0.8333333333499999 0.16666666665 0.94039991495
1 0.6666666666500001 0.83333333335 0.99960008505
1 0.8333333333499999 0.6666666666500001 0.24960008505
2 0.6666666666500001 0.83333333335 0.19039991495
2 0.8333333333499999 0.6666666666500001 0.44039991494999997
1 0.6666666666500001 0.83333333335 0.49960008505000003
1 0.8333333333499999 0.6666666666500001 0.74960008505
2 0.6666666666500001 0.83333333335 0.69039991495
2 0.8333333333499999 0.6666666666500001 0.94039991495
