# Filename: xfset/XFSET.pbeu_disp01, Snapshot: 1
    0.01889726124994     0.00000000000000     0.00000000000000      -4.49598065E-03  8.97117671E-05  5.55721210E-05
    0.00000000000000     0.00000000000000     0.00000000000000       8.59966603E-05 -9.05312735E-05 -1.30698905E-04
    0.00000000000000     0.00000000000000     0.00000000000000       1.90939218E-04  5.05505674E-07 -1.82833481E-07
    0.00000000000000     0.00000000000000     0.00000000000000       1.53769735E-03 -7.26619803E-04 -3.62992208E-04
    0.00000000000000     0.00000000000000     0.00000000000000      -2.46546313E-04  1.00850891E-06  5.17468076E-07
    0.00000000000000     0.00000000000000     0.00000000000000       8.94073281E-05 -9.06371880E-05  4.46594880E-05
    0.00000000000000     0.00000000000000     0.00000000000000       4.24963210E-04  3.94023773E-07 -9.05542124E-06
    0.00000000000000     0.00000000000000     0.00000000000000       1.06140933E-05 -9.41157454E-05  1.09200062E-04
    0.00000000000000     0.00000000000000     0.00000000000000       2.23579971E-04 -5.44507313E-04  3.61651692E-05
    0.00000000000000     0.00000000000000     0.00000000000000      -6.85146900E-05 -4.62531163E-06  2.30020700E-06
    0.00000000000000     0.00000000000000     0.00000000000000      -9.58747600E-05  2.70842038E-05 -2.43607800E-05
    0.00000000000000     0.00000000000000     0.00000000000000       2.83573943E-04 -1.03802017E-05  4.10498276E-06
    0.00000000000000     0.00000000000000     0.00000000000000      -6.55443989E-05 -1.55788081E-04  1.76583248E-04
    0.00000000000000     0.00000000000000     0.00000000000000      -6.85066918E-05 -2.56181946E-06 -2.42845151E-06
    0.00000000000000     0.00000000000000     0.00000000000000      -1.21443699E-05  1.72340830E-04 -1.49428137E-05
    0.00000000000000     0.00000000000000     0.00000000000000      -1.52872635E-04  9.63945139E-07 -1.75889324E-07
    0.00000000000000     0.00000000000000     0.00000000000000       1.15827297E-03  5.66654355E-06  4.51301732E-06
    0.00000000000000     0.00000000000000     0.00000000000000       9.55157356E-05  9.34122539E-05  1.20080411E-04
    0.00000000000000     0.00000000000000     0.00000000000000      -1.43712952E-04 -1.28425627E-07 -2.83102496E-06
    0.00000000000000     0.00000000000000     0.00000000000000       1.42581524E-03  6.57457678E-04  3.14722124E-04
    0.00000000000000     0.00000000000000     0.00000000000000       2.02366979E-04  1.23937433E-06 -1.11924548E-06
    0.00000000000000     0.00000000000000     0.00000000000000       9.21034742E-05  9.33018073E-05 -4.24304039E-05
    0.00000000000000     0.00000000000000     0.00000000000000      -3.11066683E-04  1.42595256E-06 -1.18416420E-06
    0.00000000000000     0.00000000000000     0.00000000000000       8.29410485E-06  9.33302174E-05 -1.10986102E-04
    0.00000000000000     0.00000000000000     0.00000000000000       2.23454597E-04  5.34720047E-04 -2.98746136E-05
    0.00000000000000     0.00000000000000     0.00000000000000      -7.26285558E-05  5.60910691E-07  1.32717793E-06
    0.00000000000000     0.00000000000000     0.00000000000000      -9.72011286E-05 -2.73918035E-05  2.07713631E-05
    0.00000000000000     0.00000000000000     0.00000000000000      -2.31176798E-04 -4.24303490E-06  3.10158477E-06
    0.00000000000000     0.00000000000000     0.00000000000000      -6.51769660E-05  1.53352252E-04 -1.82616420E-04
    0.00000000000000     0.00000000000000     0.00000000000000      -7.26271790E-05 -1.00023511E-06  2.92175323E-07
    0.00000000000000     0.00000000000000     0.00000000000000      -9.71225508E-06 -1.74277140E-04  1.78525348E-05
    0.00000000000000     0.00000000000000     0.00000000000000       1.56692162E-04  3.31553814E-07  4.11614228E-06
# Filename: xfset/XFSET.pbeu_disp02, Snapshot: 1
    0.00000000000000     0.01889726124994     0.00000000000000       9.09669975E-09 -4.58568543E-03  5.58872068E-05
    0.00000000000000     0.00000000000000     0.00000000000000      -9.54859127E-05 -1.20926621E-05  7.21743577E-05
    0.00000000000000     0.00000000000000     0.00000000000000       2.48636171E-09  1.90437163E-04 -1.51655102E-07
    0.00000000000000     0.00000000000000     0.00000000000000      -6.77774493E-04  6.77022975E-04  1.90243957E-04
    0.00000000000000     0.00000000000000     0.00000000000000       2.67370626E-09 -2.47551922E-04  4.96236192E-07
    0.00000000000000     0.00000000000000     0.00000000000000      -9.42277668E-05 -1.46692774E-05 -2.64014878E-05
    0.00000000000000     0.00000000000000     0.00000000000000       4.59492257E-09  4.24576017E-04 -9.10906377E-06
    0.00000000000000     0.00000000000000     0.00000000000000      -9.29276968E-05 -9.94980503E-05 -6.39884228E-05
    0.00000000000000     0.00000000000000     0.00000000000000      -5.45740206E-04  8.48085602E-04  2.31147545E-05
    0.00000000000000     0.00000000000000     0.00000000000000      -4.94591691E-09  1.38919615E-04 -1.52616173E-04
    0.00000000000000     0.00000000000000     0.00000000000000       2.72103423E-05 -1.27463966E-04 -1.55081399E-05
    0.00000000000000     0.00000000000000     0.00000000000000      -1.15210914E-08  1.97259367E-03 -4.24911843E-04
    0.00000000000000     0.00000000000000     0.00000000000000      -1.55986405E-04  1.13417953E-04  1.01933292E-04
    0.00000000000000     0.00000000000000     0.00000000000000      -5.10975654E-09  1.42236433E-04  5.25672203E-05
    0.00000000000000     0.00000000000000     0.00000000000000       1.71889519E-04 -2.11571335E-04 -9.77626748E-06
    0.00000000000000     0.00000000000000     0.00000000000000       3.29781298E-09  6.48568239E-05  1.25978035E-04
    0.00000000000000     0.00000000000000     0.00000000000000       5.80121274E-10 -8.67392032E-05 -3.54478159E-05
    0.00000000000000     0.00000000000000     0.00000000000000       9.54852720E-05 -1.20880388E-05  7.21733041E-05
    0.00000000000000     0.00000000000000     0.00000000000000       1.22264607E-09 -8.14219680E-05  2.46109091E-05
    0.00000000000000     0.00000000000000     0.00000000000000       6.77784598E-04  6.77029946E-04  1.90247430E-04
    0.00000000000000     0.00000000000000     0.00000000000000      -7.45205970E-10 -1.53991704E-04 -2.11038932E-04
    0.00000000000000     0.00000000000000     0.00000000000000       9.42234628E-05 -1.46730810E-05 -2.64085448E-05
    0.00000000000000     0.00000000000000     0.00000000000000       5.09410683E-09  9.07159276E-05  2.12602722E-05
    0.00000000000000     0.00000000000000     0.00000000000000       9.29344650E-05 -9.95001677E-05 -6.39882826E-05
    0.00000000000000     0.00000000000000     0.00000000000000       5.45733890E-04  8.48070066E-04  2.31098391E-05
    0.00000000000000     0.00000000000000     0.00000000000000       2.48757150E-09 -7.31881812E-05  1.34762370E-06
    0.00000000000000     0.00000000000000     0.00000000000000      -2.72163882E-05 -1.27469153E-04 -1.55102317E-05
    0.00000000000000     0.00000000000000     0.00000000000000       4.61897827E-09 -2.26945406E-04  3.13769641E-06
    0.00000000000000     0.00000000000000     0.00000000000000       1.55989293E-04  1.13414747E-04  1.01933136E-04
    0.00000000000000     0.00000000000000     0.00000000000000      -7.32622033E-10 -7.16222147E-05  2.90723970E-07
    0.00000000000000     0.00000000000000     0.00000000000000      -1.71905304E-04 -2.11565861E-04 -9.78202047E-06
    0.00000000000000     0.00000000000000     0.00000000000000       2.33149523E-10  1.56360683E-04  4.13288692E-06
# Filename: xfset/XFSET.pbeu_disp03, Snapshot: 1
    0.00000000000000    -0.01889726124994     0.00000000000000      -8.73928867E-09  4.40627791E-03  5.52585305E-05
    0.00000000000000     0.00000000000000     0.00000000000000       8.84887107E-05  1.87428382E-05 -7.26488526E-05
    0.00000000000000     0.00000000000000     0.00000000000000      -2.52539180E-09 -1.91441272E-04 -2.16462483E-07
    0.00000000000000     0.00000000000000     0.00000000000000       7.05705256E-04 -6.88566798E-04 -2.00862757E-04
    0.00000000000000     0.00000000000000     0.00000000000000      -2.71788874E-09  2.45540665E-04  5.38456024E-07
    0.00000000000000     0.00000000000000     0.00000000000000       8.97354720E-05  1.61538632E-05  2.39042696E-05
    0.00000000000000     0.00000000000000     0.00000000000000      -4.78239909E-09 -4.25350674E-04 -8.99392323E-06
    0.00000000000000     0.00000000000000     0.00000000000000       9.44958339E-05  9.80362579E-05  6.31636923E-05
    0.00000000000000     0.00000000000000     0.00000000000000       5.33555171E-04 -8.45270472E-04 -1.50028692E-05
    0.00000000000000     0.00000000000000     0.00000000000000       4.76457273E-09 -1.48737680E-04  1.36924510E-04
    0.00000000000000     0.00000000000000     0.00000000000000      -2.72414030E-05  1.28517295E-04  1.05337075E-05
    0.00000000000000     0.00000000000000     0.00000000000000       1.20831221E-08 -1.79038623E-03  3.57813718E-04
    0.00000000000000     0.00000000000000     0.00000000000000       1.53148215E-04 -1.12835696E-04 -1.05436743E-04
    0.00000000000000     0.00000000000000     0.00000000000000       4.91087215E-09 -1.45425685E-04 -4.79643092E-05
    0.00000000000000     0.00000000000000     0.00000000000000      -1.74649674E-04  2.10511555E-04  9.17080590E-06
    0.00000000000000     0.00000000000000     0.00000000000000      -3.30859204E-09 -6.22872945E-05 -1.28243523E-04
    0.00000000000000     0.00000000000000     0.00000000000000      -4.84680183E-10  8.93264129E-05  4.08239816E-05
    0.00000000000000     0.00000000000000     0.00000000000000      -8.84881461E-05  1.87385481E-05 -7.26477297E-05
    0.00000000000000     0.00000000000000     0.00000000000000      -1.22947287E-09  8.01828298E-05 -2.75164432E-05
    0.00000000000000     0.00000000000000     0.00000000000000      -7.05715750E-04 -6.88574017E-04 -2.00866224E-04
    0.00000000000000     0.00000000000000     0.00000000000000       8.91795142E-10  1.55217902E-04  2.03743222E-04
    0.00000000000000     0.00000000000000     0.00000000000000      -8.97313958E-05  1.61580855E-05  2.39115865E-05
    0.00000000000000     0.00000000000000     0.00000000000000      -5.11804979E-09 -8.75923382E-05 -1.65900423E-05
    0.00000000000000     0.00000000000000     0.00000000000000      -9.45026419E-05  9.80384092E-05  6.31635062E-05
    0.00000000000000     0.00000000000000     0.00000000000000      -5.33548276E-04 -8.45254120E-04 -1.49978202E-05
    0.00000000000000     0.00000000000000     0.00000000000000      -2.69946637E-09  7.20678084E-05  1.30494783E-06
    0.00000000000000     0.00000000000000     0.00000000000000       2.72473222E-05  1.28522455E-04  1.05357422E-05
    0.00000000000000     0.00000000000000     0.00000000000000      -4.59078835E-09  2.35408164E-04  3.06218564E-06
    0.00000000000000     0.00000000000000     0.00000000000000      -1.53151093E-04 -1.12832328E-04 -1.05436611E-04
    0.00000000000000     0.00000000000000     0.00000000000000       4.66286873E-10  7.36308032E-05  2.95148957E-07
    0.00000000000000     0.00000000000000     0.00000000000000       1.74665667E-04  2.10506355E-04  9.17663195E-06
    0.00000000000000     0.00000000000000     0.00000000000000      -1.90273027E-10 -1.57023554E-04  4.09966688E-06
# Filename: xfset/XFSET.pbeu_disp04, Snapshot: 1
    0.00000000000000     0.00000000000000     0.01889726124994      -3.87829581E-10 -1.23281707E-12 -5.22469420E-03
    0.00000000000000     0.00000000000000     0.00000000000000      -4.60793958E-05  2.65998998E-05  4.93028221E-04
    0.00000000000000     0.00000000000000     0.00000000000000      -2.31825166E-09 -1.64209663E-13 -1.06994823E-04
    0.00000000000000     0.00000000000000     0.00000000000000      -3.99882292E-04  2.30866501E-04  7.01246172E-04
    0.00000000000000     0.00000000000000     0.00000000000000       1.10962716E-10 -2.36357679E-13  3.05986325E-04
    0.00000000000000     0.00000000000000     0.00000000000000       1.33323622E-04 -7.69704221E-05  4.95773472E-04
    0.00000000000000     0.00000000000000     0.00000000000000       1.92692939E-08 -1.09945020E-12  2.34377362E-03
    0.00000000000000     0.00000000000000     0.00000000000000       8.59679928E-06 -4.96527440E-06 -3.72954578E-04
    0.00000000000000     0.00000000000000     0.00000000000000       3.28846514E-05  1.89842468E-05 -6.67254367E-04
    0.00000000000000     0.00000000000000     0.00000000000000      -3.71415471E-09 -5.32045532E-05  4.93029684E-04
    0.00000000000000     0.00000000000000     0.00000000000000       3.89888629E-05  2.25128655E-05 -2.18918881E-04
    0.00000000000000     0.00000000000000     0.00000000000000       6.60901872E-09 -4.61737050E-04  7.01244094E-04
    0.00000000000000     0.00000000000000     0.00000000000000       1.79322360E-04  1.03529199E-04  2.10019954E-04
    0.00000000000000     0.00000000000000     0.00000000000000      -4.55847580E-10  1.53944137E-04  4.95774075E-04
    0.00000000000000     0.00000000000000     0.00000000000000      -1.62895607E-05 -9.39332410E-06  1.38258707E-04
    0.00000000000000     0.00000000000000     0.00000000000000       6.10773602E-11  9.93188169E-06 -3.72953498E-04
    0.00000000000000     0.00000000000000     0.00000000000000       8.52327805E-10 -3.79679587E-05 -6.67253624E-04
    0.00000000000000     0.00000000000000     0.00000000000000       4.60735945E-05  2.66046545E-05  4.93031147E-04
    0.00000000000000     0.00000000000000     0.00000000000000       6.55932286E-09 -4.50263496E-05 -2.18920792E-04
    0.00000000000000     0.00000000000000     0.00000000000000       3.99869738E-04  2.30870550E-04  7.01242016E-04
    0.00000000000000     0.00000000000000     0.00000000000000       3.53037590E-10 -2.07060093E-04  2.10015898E-04
    0.00000000000000     0.00000000000000     0.00000000000000      -1.33315445E-04 -7.69737161E-05  4.95774678E-04
    0.00000000000000     0.00000000000000     0.00000000000000      -1.96809921E-09  1.88015535E-05  1.38262351E-04
    0.00000000000000     0.00000000000000     0.00000000000000      -8.60572514E-06 -4.96660694E-06 -3.72952418E-04
    0.00000000000000     0.00000000000000     0.00000000000000      -3.28777817E-05  1.89837130E-05 -6.67252880E-04
    0.00000000000000     0.00000000000000     0.00000000000000       7.17693773E-10  4.83838988E-14 -7.97652276E-06
    0.00000000000000     0.00000000000000     0.00000000000000      -3.89990614E-05  2.25134839E-05 -2.18922703E-04
    0.00000000000000     0.00000000000000     0.00000000000000       6.51902607E-09 -2.57360336E-13  2.46435807E-04
    0.00000000000000     0.00000000000000     0.00000000000000      -1.79316241E-04  1.03530894E-04  2.10011843E-04
    0.00000000000000     0.00000000000000     0.00000000000000      -1.02999290E-09  3.78436765E-14 -4.08047945E-06
    0.00000000000000     0.00000000000000     0.00000000000000       1.62756865E-05 -9.40822777E-06  1.38265995E-04
    0.00000000000000     0.00000000000000     0.00000000000000      -9.89525328E-10 -1.50324573E-13  1.09955704E-04
# Filename: xfset/XFSET.pbeu_disp05, Snapshot: 1
    0.00000000000000     0.00000000000000    -0.01889726124993       1.11096440E-09  1.24954141E-12  4.97873605E-03
    0.00000000000000     0.00000000000000     0.00000000000000       4.07960852E-05 -2.35495843E-05 -4.92211369E-04
    0.00000000000000     0.00000000000000     0.00000000000000       2.21192847E-09  1.55147405E-13  1.06691529E-04
    0.00000000000000     0.00000000000000     0.00000000000000       4.06232767E-04 -2.34532987E-04 -7.05343043E-04
    0.00000000000000     0.00000000000000     0.00000000000000      -1.33347697E-10  2.34763033E-13 -3.06350370E-04
    0.00000000000000     0.00000000000000     0.00000000000000      -1.17031157E-04  6.75637976E-05 -4.89350048E-04
    0.00000000000000     0.00000000000000     0.00000000000000      -1.97110390E-08  1.13192653E-12 -2.11732011E-03
    0.00000000000000     0.00000000000000     0.00000000000000      -5.11193968E-06  2.95322319E-06  3.65806604E-04
    0.00000000000000     0.00000000000000     0.00000000000000      -3.31111307E-05 -1.91150585E-05  6.66553928E-04
    0.00000000000000     0.00000000000000     0.00000000000000       3.69154559E-09  4.71039034E-05 -4.92212846E-04
    0.00000000000000     0.00000000000000     0.00000000000000      -3.46341539E-05 -1.99985854E-05  2.21787867E-04
    0.00000000000000     0.00000000000000     0.00000000000000      -6.52218969E-09  4.69070015E-04 -7.05340984E-04
    0.00000000000000     0.00000000000000     0.00000000000000      -1.79892711E-04 -1.03858578E-04 -2.12686517E-04
    0.00000000000000     0.00000000000000     0.00000000000000       3.20684903E-10 -1.35131129E-04 -4.89350612E-04
    0.00000000000000     0.00000000000000     0.00000000000000       1.77901436E-05  1.02595831E-05 -1.36173356E-04
    0.00000000000000     0.00000000000000     0.00000000000000      -1.09104836E-10 -5.90794465E-06  3.65805503E-04
    0.00000000000000     0.00000000000000     0.00000000000000      -8.30225620E-10  3.82295166E-05  6.66553227E-04
    0.00000000000000     0.00000000000000     0.00000000000000      -4.07902695E-05 -2.35543202E-05 -4.92214323E-04
    0.00000000000000     0.00000000000000     0.00000000000000      -6.57662030E-09  3.99978176E-05  2.21789735E-04
    0.00000000000000     0.00000000000000     0.00000000000000      -4.06220332E-04 -2.34537028E-04 -7.05338924E-04
    0.00000000000000     0.00000000000000     0.00000000000000      -2.94737481E-10  2.07718760E-04 -2.12682414E-04
    0.00000000000000     0.00000000000000     0.00000000000000       1.17022825E-04  6.75673324E-05 -4.89351176E-04
    0.00000000000000     0.00000000000000     0.00000000000000       2.00961683E-09 -2.05341911E-05 -1.36176950E-04
    0.00000000000000     0.00000000000000     0.00000000000000       5.12092133E-06  2.95472110E-06  3.65804402E-04
    0.00000000000000     0.00000000000000     0.00000000000000       3.31043339E-05 -1.91144591E-05  6.66552526E-04
    0.00000000000000     0.00000000000000     0.00000000000000      -8.27513710E-10 -7.35481934E-14  7.00523533E-06
    0.00000000000000     0.00000000000000     0.00000000000000       3.46440975E-05 -1.99992319E-05  2.21791604E-04
    0.00000000000000     0.00000000000000     0.00000000000000      -6.41547255E-09  2.56504672E-13 -2.42605652E-04
    0.00000000000000     0.00000000000000     0.00000000000000       1.79886734E-04 -1.03860182E-04 -2.12678312E-04
    0.00000000000000     0.00000000000000     0.00000000000000       7.77568108E-10 -5.53847845E-14  1.08289138E-05
    0.00000000000000     0.00000000000000     0.00000000000000      -1.77761199E-05  1.02746063E-05 -1.36180545E-04
    0.00000000000000     0.00000000000000     0.00000000000000       1.20456624E-09  1.42584705E-13 -9.21395728E-05
# Filename: xfset/XFSET.pbeu_disp06, Snapshot: 1
    0.00000000000000     0.00000000000000     0.00000000000000       1.90940765E-04 -1.85085895E-06  3.59091014E-07
    0.00000000000000     0.00000000000000     0.00000000000000       1.52540508E-03 -7.18936802E-04  4.22169669E-04
    0.01889726124994     0.00000000000000     0.00000000000000      -4.69672223E-03  7.53526501E-05 -4.73838426E-05
    0.00000000000000     0.00000000000000     0.00000000000000       9.70272287E-05 -5.57132525E-05  4.27160909E-04
    0.00000000000000     0.00000000000000     0.00000000000000       4.25073502E-04 -1.11064183E-06  1.40968703E-05
    0.00000000000000     0.00000000000000     0.00000000000000       1.20518590E-05 -9.53159303E-05 -1.09021267E-05
    0.00000000000000     0.00000000000000     0.00000000000000      -1.19442975E-04  1.01545493E-06  1.98731708E-06
    0.00000000000000     0.00000000000000     0.00000000000000       9.44250848E-05 -5.28385371E-05 -2.54355287E-04
    0.00000000000000     0.00000000000000     0.00000000000000      -9.65411759E-05  2.90690661E-05  4.02803136E-05
    0.00000000000000     0.00000000000000     0.00000000000000       2.83678503E-04 -1.45264609E-05 -6.11682169E-06
    0.00000000000000     0.00000000000000     0.00000000000000       1.61811784E-04 -6.68160994E-04  9.50929121E-06
    0.00000000000000     0.00000000000000     0.00000000000000       6.02472565E-06  2.25744208E-06 -1.75930748E-06
    0.00000000000000     0.00000000000000     0.00000000000000      -9.24494543E-06  1.76500020E-04 -1.47247593E-05
    0.00000000000000     0.00000000000000     0.00000000000000      -1.52877081E-04  3.15863764E-06 -3.22839432E-06
    0.00000000000000     0.00000000000000     0.00000000000000      -1.73587661E-05 -1.31014426E-05  5.86250887E-05
    0.00000000000000     0.00000000000000     0.00000000000000       6.04545437E-06 -1.88940181E-06 -3.62769077E-06
    0.00000000000000     0.00000000000000     0.00000000000000      -1.43799740E-04 -1.88385143E-06  2.45293608E-06
    0.00000000000000     0.00000000000000     0.00000000000000       1.43824015E-03  6.64984750E-04 -3.84292894E-04
    0.00000000000000     0.00000000000000     0.00000000000000       1.32021629E-03 -4.24539558E-06  1.77778194E-06
    0.00000000000000     0.00000000000000     0.00000000000000       9.72323040E-05  4.94907231E-05 -4.27863217E-04
    0.00000000000000     0.00000000000000     0.00000000000000      -3.11033291E-04 -3.82313000E-06  8.31984593E-06
    0.00000000000000     0.00000000000000     0.00000000000000       6.84739850E-06  9.21285961E-05  2.76387915E-06
    0.00000000000000     0.00000000000000     0.00000000000000       3.70824256E-06  6.97884195E-07 -1.17783439E-07
    0.00000000000000     0.00000000000000     0.00000000000000       9.98193046E-05  5.23381799E-05  2.48407948E-04
    0.00000000000000     0.00000000000000     0.00000000000000      -9.66723701E-05 -2.54276355E-05 -3.33140239E-05
    0.00000000000000     0.00000000000000     0.00000000000000      -2.31152347E-04 -5.58722243E-06 -3.84278400E-06
    0.00000000000000     0.00000000000000     0.00000000000000       1.53698214E-04  6.74099078E-04 -4.08208313E-06
    0.00000000000000     0.00000000000000     0.00000000000000      -8.68472237E-05  1.34934013E-06  1.46428178E-06
    0.00000000000000     0.00000000000000     0.00000000000000      -1.25771131E-05 -1.70086086E-04  1.93187825E-05
    0.00000000000000     0.00000000000000     0.00000000000000       1.56715258E-04  8.28681237E-07 -2.25125026E-06
    0.00000000000000     0.00000000000000     0.00000000000000      -1.78208136E-05  1.14791386E-05 -5.78380597E-05
    0.00000000000000     0.00000000000000     0.00000000000000      -8.68710742E-05 -2.51999513E-07 -2.99368035E-06
# Filename: xfset/XFSET.pbeu_disp07, Snapshot: 1
    0.00000000000000     0.00000000000000     0.00000000000000       3.33519261E-09  1.92794034E-04  3.65405493E-07
    0.00000000000000     0.00000000000000     0.00000000000000      -6.84394507E-04  6.80503784E-04 -2.30414521E-04
    0.00000000000000     0.01889726124994     0.00000000000000       1.01812533E-08 -4.77206758E-03 -4.78377151E-05
    0.00000000000000     0.00000000000000     0.00000000000000      -4.94926094E-05  3.77697057E-05 -2.48131569E-04
    0.00000000000000     0.00000000000000     0.00000000000000       6.44921950E-09  4.26188808E-04  1.40536417E-05
    0.00000000000000     0.00000000000000     0.00000000000000      -9.09771209E-05 -1.00263650E-04  4.40988240E-07
    0.00000000000000     0.00000000000000     0.00000000000000       7.09356768E-10 -1.20457726E-04  1.98554688E-06
    0.00000000000000     0.00000000000000     0.00000000000000      -5.35373070E-05  3.87636707E-05  1.41729926E-04
    0.00000000000000     0.00000000000000     0.00000000000000       2.93819826E-05 -1.28619755E-04  2.40195082E-05
    0.00000000000000     0.00000000000000     0.00000000000000       1.22607068E-08  1.95480275E-03  4.93060640E-04
    0.00000000000000     0.00000000000000     0.00000000000000      -6.66964357E-04  9.34519426E-04  6.03594370E-06
    0.00000000000000     0.00000000000000     0.00000000000000      -4.29084695E-09  1.28709377E-04  4.93750354E-04
    0.00000000000000     0.00000000000000     0.00000000000000       1.77342554E-04 -2.10900341E-04 -3.50867045E-06
    0.00000000000000     0.00000000000000     0.00000000000000      -4.52675829E-10  6.65780477E-05 -1.22359152E-05
    0.00000000000000     0.00000000000000     0.00000000000000      -1.31620467E-05 -2.94920259E-06  3.36696684E-05
    0.00000000000000     0.00000000000000     0.00000000000000      -5.20327394E-09  1.25153965E-04 -2.93025351E-04
    0.00000000000000     0.00000000000000     0.00000000000000      -2.02792162E-09 -8.15287795E-05 -3.86813431E-05
    0.00000000000000     0.00000000000000     0.00000000000000       6.84393092E-04  6.80495688E-04 -2.30415747E-04
    0.00000000000000     0.00000000000000     0.00000000000000       1.87862902E-09 -2.35003114E-04 -4.79859582E-06
    0.00000000000000     0.00000000000000     0.00000000000000       4.94935948E-05  3.77657969E-05 -2.48135124E-04
    0.00000000000000     0.00000000000000     0.00000000000000      -6.27519604E-10  8.63474921E-05  1.99561582E-05
    0.00000000000000     0.00000000000000     0.00000000000000       9.09773572E-05 -1.00262289E-04  4.34100808E-07
    0.00000000000000     0.00000000000000     0.00000000000000      -8.68259020E-10 -2.46548146E-05 -6.66809041E-05
    0.00000000000000     0.00000000000000     0.00000000000000       5.35422044E-05  3.87568445E-05  1.41735936E-04
    0.00000000000000     0.00000000000000     0.00000000000000      -2.93821651E-05 -1.28624928E-04  2.40209220E-05
    0.00000000000000     0.00000000000000     0.00000000000000      -1.10688342E-08 -2.25560169E-04 -3.85124144E-06
    0.00000000000000     0.00000000000000     0.00000000000000       6.66952859E-04  9.34510443E-04  6.03587913E-06
    0.00000000000000     0.00000000000000     0.00000000000000       3.20482904E-09 -8.81935864E-05  1.47977996E-06
    0.00000000000000     0.00000000000000     0.00000000000000      -1.77347469E-04 -2.10897800E-04 -3.49326824E-06
    0.00000000000000     0.00000000000000     0.00000000000000       8.40669852E-11  1.55886814E-04 -2.22832579E-06
    0.00000000000000     0.00000000000000     0.00000000000000       1.31574796E-05 -2.94698759E-06  3.36690888E-05
    0.00000000000000     0.00000000000000     0.00000000000000       2.89472613E-09 -8.66159234E-05 -3.00519596E-06
# Filename: xfset/XFSET.pbeu_disp08, Snapshot: 1
    0.00000000000000     0.00000000000000     0.00000000000000      -3.18782276E-09 -1.89087369E-04  3.57307537E-07
    0.00000000000000     0.00000000000000     0.00000000000000       6.98788831E-04 -6.85197213E-04  2.34897742E-04
    0.00000000000000    -0.01889726124994     0.00000000000000      -1.09111629E-08  4.62137543E-03 -4.69341990E-05
    0.00000000000000     0.00000000000000     0.00000000000000       5.56969778E-05 -3.50127923E-05  2.45548266E-04
    0.00000000000000     0.00000000000000     0.00000000000000      -6.34033640E-09 -4.23957955E-04  1.41011081E-05
    0.00000000000000     0.00000000000000     0.00000000000000       9.64595524E-05  9.72783690E-05 -7.45695388E-06
    0.00000000000000     0.00000000000000     0.00000000000000      -7.62244609E-10  1.18428198E-04  1.98931465E-06
    0.00000000000000     0.00000000000000     0.00000000000000       5.16479270E-05 -3.40599073E-05 -1.48548057E-04
    0.00000000000000     0.00000000000000     0.00000000000000      -2.51008094E-05  1.27520605E-04 -1.84380288E-05
    0.00000000000000     0.00000000000000     0.00000000000000      -1.26505384E-08 -1.80845892E-03 -4.38459981E-04
    0.00000000000000     0.00000000000000     0.00000000000000       6.75304116E-04 -9.30950406E-04 -1.85437857E-06
    0.00000000000000     0.00000000000000     0.00000000000000       4.37072508E-09 -1.26302274E-04 -4.93511474E-04
    0.00000000000000     0.00000000000000     0.00000000000000      -1.69213238E-04  2.11101726E-04  1.61354969E-05
    0.00000000000000     0.00000000000000     0.00000000000000       4.06618713E-10 -6.05477998E-05  3.54330089E-06
    0.00000000000000     0.00000000000000     0.00000000000000       1.14206733E-05  3.83380793E-06 -3.35609316E-05
    0.00000000000000     0.00000000000000     0.00000000000000       5.17571340E-09 -1.29792671E-04  2.87502102E-04
    0.00000000000000     0.00000000000000     0.00000000000000       2.04707667E-09  8.02068921E-05  4.63290136E-05
    0.00000000000000     0.00000000000000     0.00000000000000      -6.98788019E-04 -6.85189024E-04  2.34899011E-04
    0.00000000000000     0.00000000000000     0.00000000000000      -1.83552962E-09  2.24465690E-04  1.08521426E-05
    0.00000000000000     0.00000000000000     0.00000000000000      -5.56981893E-05 -3.50088982E-05  2.45551872E-04
    0.00000000000000     0.00000000000000     0.00000000000000       5.17285875E-10 -9.19407185E-05 -1.93801283E-05
    0.00000000000000     0.00000000000000     0.00000000000000      -9.64598493E-05  9.72770423E-05 -7.44995865E-06
    0.00000000000000     0.00000000000000     0.00000000000000       8.28492356E-10  2.47263665E-05  6.78090688E-05
    0.00000000000000     0.00000000000000     0.00000000000000      -5.16531484E-05 -3.40529989E-05 -1.48554170E-04
    0.00000000000000     0.00000000000000     0.00000000000000       2.51008666E-05  1.27525592E-04 -1.84392236E-05
    0.00000000000000     0.00000000000000     0.00000000000000       1.11344692E-08  2.36744078E-04 -3.82139364E-06
    0.00000000000000     0.00000000000000     0.00000000000000      -6.75291239E-04 -9.30940513E-04 -1.85423402E-06
    0.00000000000000     0.00000000000000     0.00000000000000      -3.04453291E-09  8.55014305E-05  1.45688899E-06
    0.00000000000000     0.00000000000000     0.00000000000000       1.69218521E-04  2.11099425E-04  1.61200674E-05
    0.00000000000000     0.00000000000000     0.00000000000000      -1.03152255E-10 -1.57543615E-04 -2.27636751E-06
    0.00000000000000     0.00000000000000     0.00000000000000      -1.14159803E-05  3.83160351E-06 -3.35604228E-05
    0.00000000000000     0.00000000000000     0.00000000000000      -2.63752211E-09  8.71268249E-05 -2.99279946E-06
# Filename: xfset/XFSET.pbeu_disp09, Snapshot: 1
    0.00000000000000     0.00000000000000     0.00000000000000       1.19360013E-09 -9.10115138E-15 -1.04270242E-04
    0.00000000000000     0.00000000000000     0.00000000000000       3.37435763E-04 -1.94817770E-04  7.05099245E-04
    0.00000000000000     0.00000000000000     0.01889726124994       1.97349359E-09  6.71734981E-13 -4.73976107E-03
    0.00000000000000     0.00000000000000     0.00000000000000       2.54309503E-04 -1.46826552E-04  3.85540611E-04
    0.00000000000000     0.00000000000000     0.00000000000000      -3.84382815E-09 -2.76262728E-13  2.13491950E-03
    0.00000000000000     0.00000000000000     0.00000000000000      -1.08778108E-04  6.28063984E-05 -3.68196552E-04
    0.00000000000000     0.00000000000000     0.00000000000000      -9.38281257E-11  1.24187933E-13  8.16229756E-04
    0.00000000000000     0.00000000000000     0.00000000000000      -4.30462176E-04  2.48528268E-04  3.80174635E-04
    0.00000000000000     0.00000000000000     0.00000000000000      -2.00695863E-05 -1.15883261E-05 -2.19543415E-04
    0.00000000000000     0.00000000000000     0.00000000000000      -2.09748581E-09  3.89636288E-04  7.05098286E-04
    0.00000000000000     0.00000000000000     0.00000000000000       9.24290651E-06  5.33583917E-06 -5.03093803E-04
    0.00000000000000     0.00000000000000     0.00000000000000       2.65040203E-09  2.93655897E-04  3.85540315E-04
    0.00000000000000     0.00000000000000     0.00000000000000      -1.24065984E-05 -7.16402293E-06  1.34138881E-04
    0.00000000000000     0.00000000000000     0.00000000000000       3.32681236E-09 -1.25608616E-04 -3.68195761E-04
    0.00000000000000     0.00000000000000     0.00000000000000       5.89961897E-05  3.40614695E-05  3.98988972E-05
    0.00000000000000     0.00000000000000     0.00000000000000      -2.75134792E-09 -4.97058383E-04  3.80174946E-04
    0.00000000000000     0.00000000000000     0.00000000000000       7.04879896E-10  2.31792506E-05 -2.19544752E-04
    0.00000000000000     0.00000000000000     0.00000000000000      -3.37434083E-04 -1.94818519E-04  7.05097326E-04
    0.00000000000000     0.00000000000000     0.00000000000000      -8.98393788E-10 -1.06725178E-05 -5.03091907E-04
    0.00000000000000     0.00000000000000     0.00000000000000      -2.54317430E-04 -1.46829344E-04  3.85540018E-04
    0.00000000000000     0.00000000000000     0.00000000000000      -2.05235662E-09  1.43211611E-05  1.34141672E-04
    0.00000000000000     0.00000000000000     0.00000000000000       1.08782397E-04  6.28022181E-05 -3.68194968E-04
    0.00000000000000     0.00000000000000     0.00000000000000      -2.41658190E-09 -6.81217373E-05  3.99026880E-05
    0.00000000000000     0.00000000000000     0.00000000000000       4.30468197E-04  2.48530115E-04  3.80175256E-04
    0.00000000000000     0.00000000000000     0.00000000000000       2.00780537E-05 -1.15909253E-05 -2.19546089E-04
    0.00000000000000     0.00000000000000     0.00000000000000      -1.70312786E-09 -4.43156063E-13  2.49609000E-04
    0.00000000000000     0.00000000000000     0.00000000000000      -9.24243696E-06  5.33667924E-06 -5.03090010E-04
    0.00000000000000     0.00000000000000     0.00000000000000      -5.21207040E-09  9.31117795E-14 -5.56940913E-05
    0.00000000000000     0.00000000000000     0.00000000000000       1.23983801E-05 -7.15713824E-06  1.34144464E-04
    0.00000000000000     0.00000000000000     0.00000000000000       1.83819649E-10 -2.57399230E-13  9.43028719E-05
    0.00000000000000     0.00000000000000     0.00000000000000      -5.89941209E-05  3.40602676E-05  3.99064782E-05
    0.00000000000000     0.00000000000000     0.00000000000000       4.18365040E-09  3.78436765E-14 -5.74121869E-05
# Filename: xfset/XFSET.pbeu_disp10, Snapshot: 1
    0.00000000000000     0.00000000000000     0.00000000000000      -1.25854766E-09  8.16769996E-15  1.09517541E-04
    0.00000000000000     0.00000000000000     0.00000000000000      -3.39579699E-04  1.96055505E-04 -7.01467712E-04
    0.00000000000000     0.00000000000000    -0.01889726124994      -2.27745030E-09 -5.93869574E-13  4.91066657E-03
    0.00000000000000     0.00000000000000     0.00000000000000      -2.49995217E-04  1.44335615E-04 -3.81221759E-04
    0.00000000000000     0.00000000000000     0.00000000000000       4.01590401E-09  2.70156399E-13 -2.32590867E-03
    0.00000000000000     0.00000000000000     0.00000000000000       1.11339238E-04 -6.42851766E-05  3.70461413E-04
    0.00000000000000     0.00000000000000     0.00000000000000       1.35120672E-10 -1.22087667E-13 -8.07910058E-04
    0.00000000000000     0.00000000000000     0.00000000000000       4.26053031E-04 -2.45982760E-04 -3.86243331E-04
    0.00000000000000     0.00000000000000     0.00000000000000       2.50606009E-05  1.44698727E-05  2.21338600E-04
    0.00000000000000     0.00000000000000     0.00000000000000       2.08190409E-09 -3.92111788E-04 -7.01466686E-04
    0.00000000000000     0.00000000000000     0.00000000000000      -4.25056478E-06 -2.45398781E-06  5.06998427E-04
    0.00000000000000     0.00000000000000     0.00000000000000      -2.61463221E-09 -2.88673951E-04 -3.81221476E-04
    0.00000000000000     0.00000000000000     0.00000000000000       2.03106482E-05  1.17272095E-05 -1.40302170E-04
    0.00000000000000     0.00000000000000     0.00000000000000      -3.54431945E-09  1.28566016E-04  3.70460653E-04
    0.00000000000000     0.00000000000000     0.00000000000000      -5.75210742E-05 -3.32099306E-05 -4.02077712E-05
    0.00000000000000     0.00000000000000     0.00000000000000       2.70862139E-09  4.91967396E-04 -3.86243669E-04
    0.00000000000000     0.00000000000000     0.00000000000000      -6.65953455E-10 -2.89422565E-05  2.21339910E-04
    0.00000000000000     0.00000000000000     0.00000000000000       3.39577839E-04  1.96056283E-04 -7.01465660E-04
    0.00000000000000     0.00000000000000     0.00000000000000       8.70170262E-10  4.90813602E-06  5.06996573E-04
    0.00000000000000     0.00000000000000     0.00000000000000       2.50002733E-04  1.44338336E-04 -3.81221192E-04
    0.00000000000000     0.00000000000000     0.00000000000000       2.04536694E-09 -2.34478541E-05 -1.40304787E-04
    0.00000000000000     0.00000000000000     0.00000000000000      -1.11343634E-04 -6.42808398E-05  3.70459892E-04
    0.00000000000000     0.00000000000000     0.00000000000000       2.39727832E-09  6.64185360E-05 -4.02116139E-05
    0.00000000000000     0.00000000000000     0.00000000000000      -4.26059494E-04 -2.45984636E-04 -3.86244007E-04
    0.00000000000000     0.00000000000000     0.00000000000000      -2.50688581E-05  1.44723846E-05  2.21341220E-04
    0.00000000000000     0.00000000000000     0.00000000000000       1.58654946E-09  4.51012613E-13 -2.39394986E-04
    0.00000000000000     0.00000000000000     0.00000000000000       4.25057653E-06 -2.45414890E-06  5.06994718E-04
    0.00000000000000     0.00000000000000     0.00000000000000       5.44108547E-09 -1.14464481E-13  5.73270359E-05
    0.00000000000000     0.00000000000000     0.00000000000000      -2.03022264E-05  1.17206447E-05 -1.40307404E-04
    0.00000000000000     0.00000000000000     0.00000000000000      -8.25991718E-11  2.55726796E-13 -1.07759848E-04
    0.00000000000000     0.00000000000000     0.00000000000000       5.75192053E-05 -3.32086052E-05 -4.02154559E-05
    0.00000000000000     0.00000000000000     0.00000000000000      -3.94156402E-09 -5.86518644E-14  5.54156996E-05
