# Filename: xfset/XFSET.zno_mlff01, Snapshot: 1
    0.01889726124994     0.00000000000000     0.00000000000000      -4.33279094E-03  7.41600020E-05  4.86654518E-05
    0.00000000000000     0.00000000000000     0.00000000000000       2.48467096E-05 -1.31520427E-05  2.05075876E-04
    0.00000000000000     0.00000000000000     0.00000000000000       2.22227109E-04  1.15285301E-06 -6.22733143E-06
    0.00000000000000     0.00000000000000     0.00000000000000       1.82122510E-05 -4.96624541E-05  2.27297468E-05
    0.00000000000000     0.00000000000000     0.00000000000000      -1.23976001E-05 -4.19367849E-07 -1.26003870E-06
    0.00000000000000     0.00000000000000     0.00000000000000       2.62732818E-05 -1.41667266E-05 -5.06518512E-04
    0.00000000000000     0.00000000000000     0.00000000000000       2.15208395E-05 -2.33483680E-07  2.23673271E-06
    0.00000000000000     0.00000000000000     0.00000000000000       1.63537280E-03 -9.47514418E-04 -6.81010451E-04
    0.00000000000000     0.00000000000000     0.00000000000000       6.58621977E-05 -5.77647360E-04  2.47974481E-05
    0.00000000000000     0.00000000000000     0.00000000000000       2.72635295E-06 -2.09782082E-06  1.61836572E-06
    0.00000000000000     0.00000000000000     0.00000000000000      -7.68576410E-05  3.38993189E-05 -1.13528758E-04
    0.00000000000000     0.00000000000000     0.00000000000000      -6.78215689E-05 -1.81579339E-07  1.71767548E-07
    0.00000000000000     0.00000000000000     0.00000000000000      -2.54096711E-05  2.14192486E-05 -1.03538025E-04
    0.00000000000000     0.00000000000000     0.00000000000000       2.71160216E-06 -2.30954016E-07  1.89165966E-06
    0.00000000000000     0.00000000000000     0.00000000000000      -4.29346858E-06  3.72670986E-05  1.31339305E-04
    0.00000000000000     0.00000000000000     0.00000000000000       5.95778626E-06 -6.67739544E-06  4.28625465E-06
    0.00000000000000     0.00000000000000     0.00000000000000       1.06631771E-03 -1.88130036E-06 -1.27006357E-06
    0.00000000000000     0.00000000000000     0.00000000000000       2.84634774E-05  1.45079237E-05 -2.01604951E-04
    0.00000000000000     0.00000000000000     0.00000000000000      -1.35741659E-04 -1.13132656E-06 -3.52684047E-06
    0.00000000000000     0.00000000000000     0.00000000000000       1.80663834E-05  4.96093931E-05 -2.24528388E-05
    0.00000000000000     0.00000000000000     0.00000000000000      -6.18738068E-05  5.85949509E-07 -1.73196821E-06
    0.00000000000000     0.00000000000000     0.00000000000000       2.70521372E-05  1.35144758E-05  5.04662642E-04
    0.00000000000000     0.00000000000000     0.00000000000000      -6.82511377E-05 -5.61552779E-07  7.87020696E-07
    0.00000000000000     0.00000000000000     0.00000000000000       1.54201161E-03  8.80482208E-04  6.34235047E-04
    0.00000000000000     0.00000000000000     0.00000000000000       6.16757786E-05  5.79969716E-04 -2.38439683E-05
   -0.00000000000000     0.00000000000000     0.00000000000000      -1.14934443E-05  4.09230779E-07  1.32422105E-06
    0.00000000000000     0.00000000000000     0.00000000000000      -7.91592454E-05 -3.27943327E-05  1.10595649E-04
   -0.00000000000000     0.00000000000000     0.00000000000000       8.09512134E-05  6.05622135E-08 -3.61905602E-07
    0.00000000000000     0.00000000000000     0.00000000000000      -2.36970468E-05 -2.16832131E-05  1.00820628E-04
   -0.00000000000000     0.00000000000000     0.00000000000000      -1.14841334E-05  4.80244251E-07 -1.01484801E-06
    0.00000000000000     0.00000000000000     0.00000000000000      -4.59736298E-06 -3.64201485E-05 -1.25069368E-04
   -0.00000000000000     0.00000000000000     0.00000000000000       6.56194848E-05 -1.06274737E-06 -2.27794894E-06
# Filename: xfset/XFSET.zno_mlff02, Snapshot: 1
    0.00000000000000     0.01889726124994     0.00000000000000      -4.81719275E-12 -4.40695322E-03  4.90801219E-05
    0.00000000000000     0.00000000000000     0.00000000000000      -1.54339944E-05  1.19947968E-05 -1.15736225E-04
    0.00000000000000     0.00000000000000     0.00000000000000       9.10115138E-15  2.21074267E-04 -6.25540911E-06
    0.00000000000000     0.00000000000000     0.00000000000000      -4.97135756E-05 -3.91386392E-05 -1.28839903E-05
    0.00000000000000     0.00000000000000     0.00000000000000       6.58083254E-14 -1.19782668E-05 -1.26540453E-06
    0.00000000000000     0.00000000000000     0.00000000000000      -1.37899052E-05  1.12169457E-05  2.92858873E-04
    0.00000000000000     0.00000000000000     0.00000000000000       8.57608495E-14  2.17541070E-05  2.26136920E-06
    0.00000000000000     0.00000000000000     0.00000000000000      -8.98162355E-04  5.30955931E-04  3.74595207E-04
    0.00000000000000     0.00000000000000     0.00000000000000      -5.77055286E-04  7.33194670E-04  1.33518941E-05
    0.00000000000000     0.00000000000000     0.00000000000000       5.52292092E-14  3.27891229E-05  2.36576703E-04
    0.00000000000000     0.00000000000000     0.00000000000000       3.43037010E-05 -1.15833345E-04 -6.75463311E-05
    0.00000000000000     0.00000000000000     0.00000000000000       5.61626606E-14  4.69690709E-05  2.62119834E-05
    0.00000000000000     0.00000000000000     0.00000000000000       2.11407327E-05 -5.00329140E-05 -6.06069788E-05
    0.00000000000000     0.00000000000000     0.00000000000000       7.39371315E-14  3.44865013E-05 -5.85669241E-04
    0.00000000000000     0.00000000000000     0.00000000000000       3.74144546E-05 -4.69887449E-05  7.55991984E-05
    0.00000000000000     0.00000000000000     0.00000000000000       6.62789404E-13  2.19514134E-03 -7.92117393E-04
    0.00000000000000     0.00000000000000     0.00000000000000       1.07541383E-13 -2.72973784E-04 -2.70260529E-05
    0.00000000000000     0.00000000000000     0.00000000000000       1.54339944E-05  1.19947968E-05 -1.15736225E-04
    0.00000000000000     0.00000000000000     0.00000000000000       7.93822648E-14 -6.00660368E-05  1.28611734E-04
    0.00000000000000     0.00000000000000     0.00000000000000       4.97135756E-05 -3.91386393E-05 -1.28839903E-05
    0.00000000000000     0.00000000000000     0.00000000000000      -6.95810249E-14 -1.12364762E-05  1.16745978E-04
    0.00000000000000     0.00000000000000     0.00000000000000       1.37899051E-05  1.12169457E-05  2.92858873E-04
    0.00000000000000     0.00000000000000     0.00000000000000      -3.64823931E-14  1.65504147E-05 -1.44109373E-04
    0.00000000000000     0.00000000000000     0.00000000000000       8.98162359E-04  5.30955933E-04  3.74595209E-04
    0.00000000000000     0.00000000000000     0.00000000000000       5.77055286E-04  7.33194670E-04  1.33518940E-05
   -0.00000000000000     0.00000000000000     0.00000000000000      -1.76577894E-14 -1.19026985E-05  1.33966321E-06
    0.00000000000000     0.00000000000000     0.00000000000000      -3.43037011E-05 -1.15833345E-04 -6.75463311E-05
   -0.00000000000000     0.00000000000000     0.00000000000000      -4.61280578E-14  8.08906877E-05 -3.47851545E-07
    0.00000000000000     0.00000000000000     0.00000000000000      -2.11407327E-05 -5.00329141E-05 -6.06069788E-05
   -0.00000000000000     0.00000000000000     0.00000000000000      -1.72688513E-14 -1.19643776E-05 -1.03131351E-06
    0.00000000000000     0.00000000000000     0.00000000000000      -3.74144546E-05 -4.69887450E-05  7.55991984E-05
   -0.00000000000000     0.00000000000000     0.00000000000000       9.29950981E-14  6.66819434E-05 -2.26880997E-06
# Filename: xfset/XFSET.zno_mlff03, Snapshot: 1
    0.00000000000000    -0.01889726124994     0.00000000000000       4.85869245E-12  4.25862884E-03  4.82507882E-05
    0.00000000000000     0.00000000000000     0.00000000000000       1.22286680E-05 -9.41195987E-06  1.19051086E-04
    0.00000000000000     0.00000000000000     0.00000000000000      -5.40623949E-15 -2.23379947E-04 -6.19925404E-06
    0.00000000000000     0.00000000000000     0.00000000000000       4.95345689E-05  3.92109224E-05  1.32053028E-05
    0.00000000000000     0.00000000000000     0.00000000000000      -6.54971749E-14  1.28169335E-05 -1.25467291E-06
    0.00000000000000     0.00000000000000     0.00000000000000       1.38996150E-05 -1.01784665E-05 -2.90955317E-04
    0.00000000000000     0.00000000000000     0.00000000000000      -8.43606724E-14 -2.12875786E-05  2.21209657E-06
    0.00000000000000     0.00000000000000     0.00000000000000       9.29148527E-04 -5.35720030E-04 -3.84470273E-04
    0.00000000000000     0.00000000000000     0.00000000000000       5.80568472E-04 -7.31071084E-04 -1.47274542E-05
    0.00000000000000     0.00000000000000     0.00000000000000      -5.74072625E-14 -3.64704463E-05 -2.33027841E-04
    0.00000000000000     0.00000000000000     0.00000000000000      -3.23588860E-05  1.17179098E-04  6.18659431E-05
    0.00000000000000     0.00000000000000     0.00000000000000      -5.49569526E-14 -4.66441867E-05 -2.59572573E-05
    0.00000000000000     0.00000000000000     0.00000000000000      -2.19698787E-05  4.88296957E-05  5.73919547E-05
    0.00000000000000     0.00000000000000     0.00000000000000      -7.42482820E-14 -3.47967197E-05  5.81933710E-04
    0.00000000000000     0.00000000000000     0.00000000000000      -3.62768720E-05  4.69740296E-05 -7.24597934E-05
    0.00000000000000     0.00000000000000     0.00000000000000      -6.41242234E-13 -2.03819131E-03  7.26889221E-04
    0.00000000000000     0.00000000000000     0.00000000000000      -9.93347890E-14  2.67846339E-04  2.91440054E-05
    0.00000000000000     0.00000000000000     0.00000000000000      -1.22286680E-05 -9.41195986E-06  1.19051086E-04
    0.00000000000000     0.00000000000000     0.00000000000000      -7.75931496E-14  5.74261725E-05 -1.30170859E-04
    0.00000000000000     0.00000000000000     0.00000000000000      -4.95345689E-05  3.92109225E-05  1.32053028E-05
    0.00000000000000     0.00000000000000     0.00000000000000       7.09034144E-14  1.29993513E-05 -1.19214660E-04
    0.00000000000000     0.00000000000000     0.00000000000000      -1.38996150E-05 -1.01784665E-05 -2.90955318E-04
    0.00000000000000     0.00000000000000     0.00000000000000       3.81159331E-14 -1.70911953E-05  1.51944479E-04
    0.00000000000000     0.00000000000000     0.00000000000000      -9.29148531E-04 -5.35720032E-04 -3.84470275E-04
    0.00000000000000     0.00000000000000     0.00000000000000      -5.80568472E-04 -7.31071084E-04 -1.47274541E-05
   -0.00000000000000     0.00000000000000     0.00000000000000       1.61020371E-14  1.10842066E-05  1.30877880E-06
    0.00000000000000     0.00000000000000     0.00000000000000       3.23588861E-05  1.17179098E-04  6.18659431E-05
   -0.00000000000000     0.00000000000000     0.00000000000000       4.83838988E-14 -8.10117379E-05 -3.75959456E-07
    0.00000000000000     0.00000000000000     0.00000000000000       2.19698787E-05  4.88296957E-05  5.73919547E-05
   -0.00000000000000     0.00000000000000     0.00000000000000       1.65298690E-14  1.10039056E-05 -9.98382355E-07
    0.00000000000000     0.00000000000000     0.00000000000000       3.62768720E-05  4.69740297E-05 -7.24597935E-05
   -0.00000000000000     0.00000000000000     0.00000000000000      -8.94557614E-14 -6.45570396E-05 -2.28708831E-06
# Filename: xfset/XFSET.zno_mlff04, Snapshot: 1
    0.00000000000000     0.00000000000000     0.01889726124993      -2.67363824E-12 -6.49254359E-13 -4.59849791E-03
    0.00000000000000     0.00000000000000     0.00000000000000       5.08162035E-04 -2.93387488E-04  3.19016787E-04
    0.00000000000000     0.00000000000000     0.00000000000000      -1.23682314E-13  2.32779449E-13  2.42697026E-03
    0.00000000000000     0.00000000000000     0.00000000000000      -4.58136030E-05  2.64504961E-05 -2.17542121E-04
    0.00000000000000     0.00000000000000     0.00000000000000       4.66725712E-16  7.94211586E-14  4.72166106E-04
    0.00000000000000     0.00000000000000     0.00000000000000      -2.03387469E-04  1.17425810E-04  3.13775812E-04
    0.00000000000000     0.00000000000000     0.00000000000000      -5.24677488E-14 -2.83535870E-14 -1.27351678E-04
    0.00000000000000     0.00000000000000     0.00000000000000      -6.22829792E-04  3.59590948E-04  4.98007894E-04
    0.00000000000000     0.00000000000000     0.00000000000000       2.63226543E-05  1.51973916E-05 -2.14832147E-04
    0.00000000000000     0.00000000000000     0.00000000000000       1.42429130E-13  5.86774975E-04  3.19016787E-04
    0.00000000000000     0.00000000000000     0.00000000000000      -7.44001475E-05 -4.29549451E-05  1.53251525E-04
    0.00000000000000     0.00000000000000     0.00000000000000      -9.37340804E-15 -5.29009921E-05 -2.17542121E-04
    0.00000000000000     0.00000000000000     0.00000000000000      -1.02629427E-04 -5.92531276E-05 -4.20719931E-05
    0.00000000000000     0.00000000000000     0.00000000000000       5.58904040E-14 -2.34851621E-04  3.13775812E-04
    0.00000000000000     0.00000000000000     0.00000000000000       5.08870383E-06  2.93796451E-06 -2.29718807E-04
    0.00000000000000     0.00000000000000     0.00000000000000      -2.87425251E-13 -7.19181898E-04  4.98007894E-04
    0.00000000000000     0.00000000000000     0.00000000000000      -3.38376141E-15 -3.03947832E-05 -2.14832147E-04
    0.00000000000000     0.00000000000000     0.00000000000000      -5.08162035E-04 -2.93387488E-04  3.19016787E-04
    0.00000000000000     0.00000000000000     0.00000000000000      -9.45508504E-14  8.59098905E-05  1.53251525E-04
    0.00000000000000     0.00000000000000     0.00000000000000       4.58136030E-05  2.64504961E-05 -2.17542121E-04
    0.00000000000000     0.00000000000000     0.00000000000000       1.19792933E-14  1.18506255E-04 -4.20719931E-05
    0.00000000000000     0.00000000000000     0.00000000000000       2.03387470E-04  1.17425810E-04  3.13775812E-04
    0.00000000000000     0.00000000000000     0.00000000000000       2.04581437E-14 -5.87592905E-06 -2.29718806E-04
    0.00000000000000     0.00000000000000     0.00000000000000       6.22829795E-04  3.59590950E-04  4.98007894E-04
    0.00000000000000     0.00000000000000     0.00000000000000      -2.63226542E-05  1.51973915E-05 -2.14832147E-04
   -0.00000000000000     0.00000000000000     0.00000000000000       8.07046543E-14  1.10613994E-13  7.52271224E-05
    0.00000000000000     0.00000000000000     0.00000000000000       7.44001475E-05 -4.29549452E-05  1.53251525E-04
   -0.00000000000000     0.00000000000000     0.00000000000000      -8.09769110E-14  2.05748251E-14 -7.90478633E-05
    0.00000000000000     0.00000000000000     0.00000000000000       1.02629427E-04 -5.92531276E-05 -4.20719932E-05
   -0.00000000000000     0.00000000000000     0.00000000000000      -6.77530158E-14 -3.44210212E-14  7.35706661E-05
    0.00000000000000     0.00000000000000     0.00000000000000      -5.08870379E-06  2.93796450E-06 -2.29718807E-04
   -0.00000000000000     0.00000000000000     0.00000000000000       1.89412851E-14 -3.43432336E-14  1.73024474E-05
# Filename: xfset/XFSET.zno_mlff05, Snapshot: 1
    0.00000000000000     0.00000000000000    -0.01889726124994       2.66255350E-12  6.58355510E-13  4.40411773E-03
    0.00000000000000     0.00000000000000     0.00000000000000      -5.02965272E-04  2.90387136E-04 -3.12775684E-04
    0.00000000000000     0.00000000000000     0.00000000000000       1.33716916E-13 -2.31495953E-13 -2.23887316E-03
    0.00000000000000     0.00000000000000     0.00000000000000       4.22062577E-05 -2.43677943E-05  2.14899524E-04
    0.00000000000000     0.00000000000000     0.00000000000000      -2.64477903E-15 -7.78654062E-14 -4.70513979E-04
    0.00000000000000     0.00000000000000     0.00000000000000       2.03361541E-04 -1.17410841E-04 -3.17871791E-04
    0.00000000000000     0.00000000000000     0.00000000000000       5.11064654E-14  2.88981003E-14  1.25183419E-04
    0.00000000000000     0.00000000000000     0.00000000000000       6.28817241E-04 -3.63047804E-04 -4.92536791E-04
    0.00000000000000     0.00000000000000     0.00000000000000      -2.23828371E-05 -1.29227371E-05  2.14752532E-04
    0.00000000000000     0.00000000000000     0.00000000000000      -1.44529395E-13 -5.80774271E-04 -3.12775684E-04
    0.00000000000000     0.00000000000000     0.00000000000000       7.52415673E-05  4.34407390E-05 -1.53763128E-04
    0.00000000000000     0.00000000000000     0.00000000000000       1.20570809E-14  4.87355885E-05  2.14899525E-04
    0.00000000000000     0.00000000000000     0.00000000000000       1.01751060E-04  5.87460020E-05  4.06666167E-05
    0.00000000000000     0.00000000000000     0.00000000000000      -5.69405368E-14  2.34821681E-04 -3.17871791E-04
    0.00000000000000     0.00000000000000     0.00000000000000      -4.63616526E-06 -2.67669124E-06  2.29262994E-04
    0.00000000000000     0.00000000000000     0.00000000000000       2.87853083E-13  7.26095609E-04 -4.92536791E-04
    0.00000000000000     0.00000000000000     0.00000000000000       8.86778852E-15  2.58454742E-05  2.14752532E-04
    0.00000000000000     0.00000000000000     0.00000000000000       5.02965272E-04  2.90387136E-04 -3.12775684E-04
    0.00000000000000     0.00000000000000     0.00000000000000       9.59121338E-14 -8.68814783E-05 -1.53763128E-04
    0.00000000000000     0.00000000000000     0.00000000000000      -4.22062577E-05 -2.43677943E-05  2.14899525E-04
    0.00000000000000     0.00000000000000     0.00000000000000      -9.72345233E-15 -1.17492004E-04  4.06666167E-05
    0.00000000000000     0.00000000000000     0.00000000000000      -2.03361541E-04 -1.17410841E-04 -3.17871791E-04
    0.00000000000000     0.00000000000000     0.00000000000000      -2.12360199E-14  5.35338253E-06  2.29262994E-04
    0.00000000000000     0.00000000000000     0.00000000000000      -6.28817244E-04 -3.63047806E-04 -4.92536791E-04
    0.00000000000000     0.00000000000000     0.00000000000000       2.23828370E-05 -1.29227370E-05  2.14752532E-04
   -0.00000000000000     0.00000000000000     0.00000000000000      -7.69319548E-14 -1.14386693E-13 -7.42501931E-05
    0.00000000000000     0.00000000000000     0.00000000000000      -7.52415673E-05  4.34407391E-05 -1.53763128E-04
   -0.00000000000000     0.00000000000000     0.00000000000000       8.24937695E-14 -2.19750023E-14  8.08109888E-05
    0.00000000000000     0.00000000000000     0.00000000000000      -1.01751060E-04  5.87460020E-05  4.06666167E-05
   -0.00000000000000     0.00000000000000     0.00000000000000       6.93476620E-14  3.28263751E-14 -7.58277067E-05
    0.00000000000000     0.00000000000000     0.00000000000000       4.63616522E-06 -2.67669124E-06  2.29262994E-04
   -0.00000000000000     0.00000000000000     0.00000000000000      -1.58297804E-14  3.10761536E-14 -1.85499176E-05
# Filename: xfset/XFSET.zno_mlff06, Snapshot: 1
    0.00000000000000     0.00000000000000     0.00000000000000       2.22320807E-04 -1.38115227E-06  1.17038889E-05
    0.00000000000000     0.00000000000000     0.00000000000000       1.63330031E-03 -9.44008360E-04  6.46144212E-04
    0.01889726124994     0.00000000000000     0.00000000000000      -4.88223567E-03  7.82205298E-05 -4.47109293E-05
    0.00000000000000     0.00000000000000     0.00000000000000       9.89745252E-05 -1.34150269E-04  1.83808981E-04
    0.00000000000000     0.00000000000000     0.00000000000000       2.15883732E-05 -9.45795595E-07 -1.94329076E-06
    0.00000000000000     0.00000000000000     0.00000000000000       1.70249015E-05 -4.98461187E-05  4.38287196E-05
    0.00000000000000     0.00000000000000     0.00000000000000      -6.21696735E-05  5.02365488E-07 -1.40975888E-07
    0.00000000000000     0.00000000000000     0.00000000000000       9.93443223E-05 -1.34190614E-04 -1.77496344E-04
    0.00000000000000     0.00000000000000     0.00000000000000      -7.76370154E-05  3.44520580E-05 -7.56188993E-05
    0.00000000000000     0.00000000000000     0.00000000000000       6.01434054E-06 -1.34211590E-05 -4.96654610E-06
    0.00000000000000     0.00000000000000     0.00000000000000       2.03038508E-04 -4.21986295E-04 -4.81843402E-05
    0.00000000000000     0.00000000000000     0.00000000000000      -1.32713209E-04 -4.67883081E-07 -1.82095513E-06
    0.00000000000000     0.00000000000000     0.00000000000000      -5.35580443E-06  3.73487632E-05  3.53434991E-06
    0.00000000000000     0.00000000000000     0.00000000000000      -6.78256219E-05 -5.44340621E-07 -5.92029794E-07
    0.00000000000000     0.00000000000000     0.00000000000000      -1.28938435E-05 -7.63367847E-05 -7.12611289E-05
    0.00000000000000     0.00000000000000     0.00000000000000      -1.32715642E-04 -6.64068214E-07  2.53000998E-06
    0.00000000000000     0.00000000000000     0.00000000000000      -1.35770421E-04 -1.21138281E-06  2.73660764E-06
    0.00000000000000     0.00000000000000     0.00000000000000       1.54426232E-03  8.84059264E-04 -6.06147999E-04
    0.00000000000000     0.00000000000000     0.00000000000000       9.33889517E-04 -1.34018018E-06  2.15980131E-06
    0.00000000000000     0.00000000000000     0.00000000000000       9.89770489E-05  1.33399795E-04 -1.81105280E-04
    0.00000000000000     0.00000000000000     0.00000000000000      -6.83081340E-05 -9.70441923E-08 -5.61962392E-07
    0.00000000000000     0.00000000000000     0.00000000000000       1.92469984E-05  4.94277097E-05 -4.42593915E-05
    0.00000000000000     0.00000000000000     0.00000000000000       1.18384770E-04  9.88701238E-07 -1.11334225E-07
    0.00000000000000     0.00000000000000     0.00000000000000       9.86037721E-05  1.33373115E-04  1.77295457E-04
    0.00000000000000     0.00000000000000     0.00000000000000      -7.83338677E-05 -3.23075604E-05  7.40801680E-05
   -0.00000000000000     0.00000000000000     0.00000000000000       6.55990207E-05 -2.48990384E-06 -1.11038366E-06
    0.00000000000000     0.00000000000000     0.00000000000000       2.00182006E-04  4.23519267E-04  5.06923418E-05
   -0.00000000000000     0.00000000000000     0.00000000000000       1.04932034E-04  2.59095943E-07 -3.02523789E-07
    0.00000000000000     0.00000000000000     0.00000000000000      -3.52961060E-06 -3.64063804E-05 -6.22350404E-06
   -0.00000000000000     0.00000000000000     0.00000000000000       8.09600919E-05  1.01734686E-06 -1.72469305E-06
    0.00000000000000     0.00000000000000     0.00000000000000      -1.20920780E-05  7.47918920E-05  7.15238360E-05
   -0.00000000000000     0.00000000000000     0.00000000000000       1.04936927E-04  4.35388865E-07 -1.75586198E-06
# Filename: xfset/XFSET.zno_mlff07, Snapshot: 1
    0.00000000000000     0.00000000000000     0.00000000000000       8.79000090E-15  2.23702716E-04  1.17028737E-05
    0.00000000000000     0.00000000000000     0.00000000000000      -9.04123571E-04  5.32151283E-04 -3.57992570E-04
    0.00000000000000     0.01889726124994     0.00000000000000      -4.95300993E-12 -4.96046288E-03 -4.51484883E-05
    0.00000000000000     0.00000000000000     0.00000000000000      -1.33828058E-04 -5.50769810E-05 -1.06125343E-04
    0.00000000000000     0.00000000000000     0.00000000000000       8.37383714E-14  2.25343363E-05 -1.95179176E-06
    0.00000000000000     0.00000000000000     0.00000000000000      -4.98189395E-05 -3.82159339E-05 -2.58971847E-05
    0.00000000000000     0.00000000000000     0.00000000000000      -4.04106679E-14 -6.26721400E-05 -1.33917598E-07
    0.00000000000000     0.00000000000000     0.00000000000000      -1.33936955E-04 -5.52010970E-05  1.04073969E-04
    0.00000000000000     0.00000000000000     0.00000000000000       3.46919317E-05 -1.16622400E-04 -4.16382854E-05
    0.00000000000000     0.00000000000000     0.00000000000000       4.28220841E-13  2.19264731E-03  7.51492124E-04
    0.00000000000000     0.00000000000000     0.00000000000000      -4.21553760E-04  6.90547749E-04 -2.66780517E-05
    0.00000000000000     0.00000000000000     0.00000000000000       3.68713312E-14  1.76610994E-04  2.13072807E-04
    0.00000000000000     0.00000000000000     0.00000000000000       3.72074449E-05 -4.78279728E-05  1.99838507E-06
    0.00000000000000     0.00000000000000     0.00000000000000      -5.32845188E-15  4.58410352E-05  5.07667515E-05
    0.00000000000000     0.00000000000000     0.00000000000000      -7.65828504E-05  7.47119772E-05 -4.12437883E-05
    0.00000000000000     0.00000000000000     0.00000000000000       3.62101365E-14  1.77116585E-04 -2.05815382E-04
    0.00000000000000     0.00000000000000     0.00000000000000       7.65430167E-14 -5.94296252E-05  8.44991443E-05
    0.00000000000000     0.00000000000000     0.00000000000000       9.04123575E-04  5.32151285E-04 -3.57992572E-04
    0.00000000000000     0.00000000000000     0.00000000000000       1.14970100E-13 -4.41767991E-05  5.80457497E-05
    0.00000000000000     0.00000000000000     0.00000000000000       1.33828058E-04 -5.50769810E-05 -1.06125343E-04
    0.00000000000000     0.00000000000000     0.00000000000000      -4.00995174E-14  1.76169552E-05 -7.23500125E-06
    0.00000000000000     0.00000000000000     0.00000000000000       4.98189396E-05 -3.82159339E-05 -2.58971847E-05
    0.00000000000000     0.00000000000000     0.00000000000000      -3.15039855E-14 -5.54688082E-05  8.26547159E-05
    0.00000000000000     0.00000000000000     0.00000000000000       1.33936955E-04 -5.52010969E-05  1.04073969E-04
    0.00000000000000     0.00000000000000     0.00000000000000      -3.46919318E-05 -1.16622400E-04 -4.16382855E-05
   -0.00000000000000     0.00000000000000     0.00000000000000       9.23727971E-14  6.80890450E-05 -1.11495128E-06
    0.00000000000000     0.00000000000000     0.00000000000000       4.21553760E-04  6.90547749E-04 -2.66780516E-05
   -0.00000000000000     0.00000000000000     0.00000000000000       1.05791161E-14  1.04673376E-04 -3.17094541E-07
    0.00000000000000     0.00000000000000     0.00000000000000      -3.72074449E-05 -4.78279729E-05  1.99838506E-06
   -0.00000000000000     0.00000000000000     0.00000000000000      -4.64781021E-14  7.99427919E-05 -1.75450034E-06
    0.00000000000000     0.00000000000000     0.00000000000000       7.65828505E-05  7.47119772E-05 -4.12437883E-05
   -0.00000000000000     0.00000000000000     0.00000000000000       1.10069480E-14  1.04501863E-04 -1.75729936E-06
# Filename: xfset/XFSET.zno_mlff08, Snapshot: 1
    0.00000000000000     0.00000000000000     0.00000000000000      -5.87296521E-15 -2.20938897E-04  1.17049043E-05
    0.00000000000000     0.00000000000000     0.00000000000000       9.23233047E-04 -5.34644900E-04  3.64700482E-04
    0.00000000000000    -0.01889726124994     0.00000000000000       4.99485967E-12  4.80400861E-03 -4.42733765E-05
    0.00000000000000     0.00000000000000     0.00000000000000       1.33720872E-04  5.58907643E-05  1.04598421E-04
    0.00000000000000     0.00000000000000     0.00000000000000      -8.66554071E-14 -2.06424146E-05 -1.93478963E-06
    0.00000000000000     0.00000000000000     0.00000000000000       4.94319968E-05  4.01408111E-05  2.49637878E-05
    0.00000000000000     0.00000000000000     0.00000000000000       4.23553583E-14  6.16672081E-05 -1.48034142E-07
    0.00000000000000     0.00000000000000     0.00000000000000       1.33642159E-04  5.57615120E-05 -1.00767462E-04
    0.00000000000000     0.00000000000000     0.00000000000000      -3.20548359E-05  1.16402541E-04  4.47740484E-05
    0.00000000000000     0.00000000000000     0.00000000000000      -4.10290794E-13 -2.04091440E-03 -6.94848607E-04
    0.00000000000000     0.00000000000000     0.00000000000000       4.23985533E-04 -6.89025648E-04  3.03938649E-05
    0.00000000000000     0.00000000000000     0.00000000000000      -3.68324374E-14 -1.75801224E-04 -2.08253472E-04
    0.00000000000000     0.00000000000000     0.00000000000000      -3.65506727E-05  4.62096275E-05 -3.64390696E-06
    0.00000000000000     0.00000000000000     0.00000000000000       4.97840759E-15 -4.77650107E-05 -5.09453614E-05
    0.00000000000000     0.00000000000000     0.00000000000000       7.45490382E-05 -7.48038886E-05  4.11826405E-05
    0.00000000000000     0.00000000000000     0.00000000000000      -3.68713312E-14 -1.75273536E-04  2.03860613E-04
    0.00000000000000     0.00000000000000     0.00000000000000      -7.65430167E-14  5.80031029E-05 -8.83749174E-05
    0.00000000000000     0.00000000000000     0.00000000000000      -9.23233051E-04 -5.34644903E-04  3.64700484E-04
    0.00000000000000     0.00000000000000     0.00000000000000      -1.06530144E-13  4.07499154E-05 -5.61417707E-05
    0.00000000000000     0.00000000000000     0.00000000000000      -1.33720872E-04  5.58907643E-05  1.04598422E-04
    0.00000000000000     0.00000000000000     0.00000000000000       4.22775707E-14 -1.60711480E-05  4.02381193E-06
    0.00000000000000     0.00000000000000     0.00000000000000      -4.94319968E-05  4.01408112E-05  2.49637878E-05
    0.00000000000000     0.00000000000000     0.00000000000000       3.14261979E-14  5.67652249E-05 -8.22296744E-05
    0.00000000000000     0.00000000000000     0.00000000000000      -1.33642159E-04  5.57615120E-05 -1.00767462E-04
    0.00000000000000     0.00000000000000     0.00000000000000       3.20548360E-05  1.16402541E-04  4.47740485E-05
   -0.00000000000000     0.00000000000000     0.00000000000000      -9.00002747E-14 -6.31090017E-05 -1.10581601E-06
    0.00000000000000     0.00000000000000     0.00000000000000      -4.23985533E-04 -6.89025648E-04  3.03938648E-05
   -0.00000000000000     0.00000000000000     0.00000000000000      -5.48402711E-15 -1.05190686E-04 -2.87952963E-07
    0.00000000000000     0.00000000000000     0.00000000000000       3.65506728E-05  4.62096276E-05 -3.64390696E-06
   -0.00000000000000     0.00000000000000     0.00000000000000       4.79171731E-14 -8.19773913E-05 -1.69488595E-06
    0.00000000000000     0.00000000000000     0.00000000000000      -7.45490382E-05 -7.48038887E-05  4.11826405E-05
   -0.00000000000000     0.00000000000000     0.00000000000000      -5.01730140E-15 -1.05371983E-04 -1.75442475E-06
# Filename: xfset/XFSET.zno_mlff09, Snapshot: 1
    0.00000000000000     0.00000000000000     0.00000000000000       1.32511208E-13 -8.03546100E-14  2.24167789E-03
    0.00000000000000     0.00000000000000     0.00000000000000       6.58086974E-04 -3.79946692E-04  4.93005176E-04
    0.00000000000000     0.00000000000000     0.01889726124994       2.67184912E-12  4.45295223E-13 -4.71680341E-03
    0.00000000000000     0.00000000000000     0.00000000000000       1.79344400E-04 -1.03544538E-04  3.07285769E-04
    0.00000000000000     0.00000000000000     0.00000000000000      -1.33716916E-13  2.64477903E-15 -1.27068729E-04
    0.00000000000000     0.00000000000000     0.00000000000000      -2.41719204E-05  1.39556647E-05 -2.14728932E-04
    0.00000000000000     0.00000000000000     0.00000000000000      -9.91792137E-15  7.81765567E-15  1.47509730E-04
    0.00000000000000     0.00000000000000     0.00000000000000      -1.79933935E-04  1.03884906E-04  3.07820016E-04
    0.00000000000000     0.00000000000000     0.00000000000000      -1.11070913E-04 -6.41268213E-05  1.50459295E-04
    0.00000000000000     0.00000000000000     0.00000000000000       3.15156537E-13  7.59893385E-04  4.93005177E-04
    0.00000000000000     0.00000000000000     0.00000000000000      -4.89955960E-05 -2.82876207E-05 -2.29719780E-04
    0.00000000000000     0.00000000000000     0.00000000000000       1.51063555E-13  2.07089075E-04  3.07285769E-04
    0.00000000000000     0.00000000000000     0.00000000000000       1.28873526E-04  7.44051651E-05 -2.27423805E-04
    0.00000000000000     0.00000000000000     0.00000000000000      -3.36431451E-14 -2.79113295E-05 -2.14728932E-04
    0.00000000000000     0.00000000000000     0.00000000000000      -7.19889498E-05 -4.15628395E-05  2.15457275E-04
    0.00000000000000     0.00000000000000     0.00000000000000      -1.16409171E-13 -2.07769811E-04  3.07820016E-04
    0.00000000000000     0.00000000000000     0.00000000000000       1.62576123E-14  1.28253643E-04  1.50459294E-04
    0.00000000000000     0.00000000000000     0.00000000000000      -6.58086977E-04 -3.79946694E-04  4.93005177E-04
    0.00000000000000     0.00000000000000     0.00000000000000       9.14782395E-14  5.65752413E-05 -2.29719780E-04
    0.00000000000000     0.00000000000000     0.00000000000000      -1.79344400E-04 -1.03544538E-04  3.07285769E-04
    0.00000000000000     0.00000000000000     0.00000000000000       3.20096051E-14 -1.48810330E-04 -2.27423805E-04
    0.00000000000000     0.00000000000000     0.00000000000000       2.41719204E-05  1.39556647E-05 -2.14728932E-04
    0.00000000000000     0.00000000000000     0.00000000000000      -2.12749137E-14  8.31256791E-05  2.15457276E-04
    0.00000000000000     0.00000000000000     0.00000000000000       1.79933935E-04  1.03884906E-04  3.07820016E-04
    0.00000000000000     0.00000000000000     0.00000000000000       1.11070913E-04 -6.41268213E-05  1.50459295E-04
   -0.00000000000000     0.00000000000000     0.00000000000000      -1.74477629E-13  1.66387716E-13  1.94968167E-05
    0.00000000000000     0.00000000000000     0.00000000000000       4.89955960E-05 -2.82876206E-05 -2.29719780E-04
   -0.00000000000000     0.00000000000000     0.00000000000000      -5.65515987E-14  1.52735989E-13  5.57529590E-05
    0.00000000000000     0.00000000000000     0.00000000000000      -1.28873526E-04  7.44051651E-05 -2.27423805E-04
   -0.00000000000000     0.00000000000000     0.00000000000000       4.14996945E-14  6.15300063E-14 -8.31358582E-05
    0.00000000000000     0.00000000000000     0.00000000000000       7.19889497E-05 -4.15628395E-05  2.15457276E-04
   -0.00000000000000     0.00000000000000     0.00000000000000      -1.00734966E-14 -7.17201844E-14  5.61055546E-05
# Filename: xfset/XFSET.zno_mlff10, Snapshot: 1
    0.00000000000000     0.00000000000000     0.00000000000000      -1.24810234E-13  8.02379286E-14 -2.42435817E-03
    0.00000000000000     0.00000000000000     0.00000000000000      -6.56662080E-04  3.79124029E-04 -4.97488236E-04
    0.00000000000000     0.00000000000000    -0.01889726124994      -2.68157258E-12 -4.46656506E-13  4.92994878E-03
    0.00000000000000     0.00000000000000     0.00000000000000      -1.75566234E-04  1.01363213E-04 -3.10961875E-04
    0.00000000000000     0.00000000000000     0.00000000000000       1.30683199E-13  3.11150474E-16  1.25520201E-04
    0.00000000000000     0.00000000000000     0.00000000000000       2.08949739E-05 -1.20637187E-05  2.17559967E-04
    0.00000000000000     0.00000000000000     0.00000000000000       1.06957976E-14 -7.15646091E-15 -1.46051783E-04
    0.00000000000000     0.00000000000000     0.00000000000000       1.84999531E-04 -1.06809529E-04 -3.10195188E-04
    0.00000000000000     0.00000000000000     0.00000000000000       1.12980790E-04  6.52294896E-05 -1.56533825E-04
    0.00000000000000     0.00000000000000     0.00000000000000      -3.15584369E-13 -7.58248059E-04 -4.97488237E-04
    0.00000000000000     0.00000000000000     0.00000000000000       4.97961434E-05  2.87498170E-05  2.32371799E-04
    0.00000000000000     0.00000000000000     0.00000000000000      -1.50830193E-13 -2.02726425E-04 -3.10961876E-04
    0.00000000000000     0.00000000000000     0.00000000000000      -1.27520738E-04 -7.36241322E-05  2.31629679E-04
    0.00000000000000     0.00000000000000     0.00000000000000       3.38376141E-14  2.41274376E-05  2.17559967E-04
    0.00000000000000     0.00000000000000     0.00000000000000       7.07614770E-05  4.08541578E-05 -2.16672615E-04
    0.00000000000000     0.00000000000000     0.00000000000000       1.14658950E-13  2.13619058E-04 -3.10195188E-04
    0.00000000000000     0.00000000000000     0.00000000000000      -1.49741166E-14 -1.30458979E-04 -1.56533825E-04
    0.00000000000000     0.00000000000000     0.00000000000000       6.56662083E-04  3.79124031E-04 -4.97488237E-04
    0.00000000000000     0.00000000000000     0.00000000000000      -8.79777967E-14 -5.74996339E-05  2.32371799E-04
    0.00000000000000     0.00000000000000     0.00000000000000       1.75566234E-04  1.01363213E-04 -3.10961876E-04
    0.00000000000000     0.00000000000000     0.00000000000000      -3.22818617E-14  1.47248264E-04  2.31629679E-04
    0.00000000000000     0.00000000000000     0.00000000000000      -2.08949739E-05 -1.20637188E-05  2.17559967E-04
    0.00000000000000     0.00000000000000     0.00000000000000       2.23250465E-14 -8.17083157E-05 -2.16672615E-04
    0.00000000000000     0.00000000000000     0.00000000000000      -1.84999531E-04 -1.06809529E-04 -3.10195189E-04
    0.00000000000000     0.00000000000000     0.00000000000000      -1.12980790E-04  6.52294896E-05 -1.56533825E-04
   -0.00000000000000     0.00000000000000     0.00000000000000       1.78133647E-13 -1.68215725E-13 -1.64199967E-05
    0.00000000000000     0.00000000000000     0.00000000000000      -4.97961434E-05  2.87498169E-05  2.32371799E-04
   -0.00000000000000     0.00000000000000     0.00000000000000       6.35913782E-14 -1.58142229E-13 -5.73701207E-05
    0.00000000000000     0.00000000000000     0.00000000000000       1.27520738E-04 -7.36241323E-05  2.31629679E-04
   -0.00000000000000     0.00000000000000     0.00000000000000      -3.81937207E-14 -6.34358030E-14  7.65843978E-05
    0.00000000000000     0.00000000000000     0.00000000000000      -7.07614770E-05  4.08541578E-05 -2.16672615E-04
   -0.00000000000000     0.00000000000000     0.00000000000000       1.58297804E-14  6.68195644E-14 -5.69824146E-05
