Dynamical matrix file
phonon at Gamma                                                            
  2    4   0   5.9876140   0.0000000   0.0000000   0.0000000   0.0000000   0.0000000
Basis vectors
      1.000000000    0.000000000    0.000000000
     -0.500000001    0.866025404    0.000000000
      0.000000000    0.000000000    1.598816600
           1  'Zn     '    59590.2246144440     
           2  'O      '    14582.1964454954     
    1    1     -0.0000000004      0.5773502697     -0.0012763259
    2    1      0.4999999999      0.2886751348      0.7981319743
    3    2     -0.0000000004      0.5773502697      0.6088266340
    4    2      0.4999999999      0.2886751348      1.4082349341

     Dynamical  Matrix in cartesian axes

     q = (    0.000000000   0.000000000   0.000000000 ) 

    1    1
  0.20665754   0.00000000     0.00000000   0.00000000     0.00000000   0.00000000
  0.00000000   0.00000000     0.20665754   0.00000000    -0.00000000   0.00000000
  0.00000000   0.00000000    -0.00000000   0.00000000     0.30647475   0.00000000
    1    2
 -0.00952854   0.00000000    -0.00000000   0.00000000     0.00000000   0.00000000
 -0.00000000   0.00000000    -0.00952854   0.00000000     0.00000000   0.00000000
 -0.00000000   0.00000000    -0.00000000   0.00000000    -0.13495695   0.00000000
    1    3
 -0.00504641   0.00000000    -0.00000000   0.00000000     0.00000000   0.00000000
 -0.00000000   0.00000000    -0.00504641   0.00000000     0.00000000   0.00000000
  0.00000000   0.00000000     0.00000000   0.00000000    -0.11405191   0.00000000
    1    4
 -0.18968921   0.00000000    -0.00000000   0.00000000    -0.00000000   0.00000000
 -0.00000000   0.00000000    -0.18968921   0.00000000    -0.00000000   0.00000000
  0.00000000   0.00000000     0.00000000   0.00000000    -0.05661670   0.00000000
    2    1
 -0.00952854   0.00000000    -0.00000000   0.00000000     0.00000000   0.00000000
 -0.00000000   0.00000000    -0.00952854   0.00000000     0.00000000   0.00000000
  0.00000000   0.00000000     0.00000000   0.00000000    -0.13495695   0.00000000
    2    2
  0.20665754   0.00000000     0.00000000   0.00000000     0.00000000   0.00000000
  0.00000000   0.00000000     0.20665754   0.00000000     0.00000000   0.00000000
  0.00000000   0.00000000     0.00000000   0.00000000     0.30647475   0.00000000
    2    3
 -0.18968921   0.00000000    -0.00000000   0.00000000    -0.00000000   0.00000000
 -0.00000000   0.00000000    -0.18968921   0.00000000    -0.00000000   0.00000000
  0.00000000   0.00000000    -0.00000000   0.00000000    -0.05661670   0.00000000
    2    4
 -0.00504641   0.00000000    -0.00000000   0.00000000     0.00000000   0.00000000
 -0.00000000   0.00000000    -0.00504641   0.00000000     0.00000000   0.00000000
  0.00000000   0.00000000     0.00000000   0.00000000    -0.11405191   0.00000000
    3    1
 -0.00504641   0.00000000    -0.00000000   0.00000000     0.00000000   0.00000000
 -0.00000000   0.00000000    -0.00504641   0.00000000     0.00000000   0.00000000
  0.00000000   0.00000000     0.00000000   0.00000000    -0.11405191   0.00000000
    3    2
 -0.18968921   0.00000000    -0.00000000   0.00000000     0.00000000   0.00000000
 -0.00000000   0.00000000    -0.18968921   0.00000000     0.00000000   0.00000000
 -0.00000000   0.00000000    -0.00000000   0.00000000    -0.05661670   0.00000000
    3    3
  0.21624037   0.00000000     0.00000000   0.00000000    -0.00000000   0.00000000
  0.00000000   0.00000000     0.21624037   0.00000000    -0.00000000   0.00000000
 -0.00000000   0.00000000    -0.00000000   0.00000000     0.31436920   0.00000000
    3    4
 -0.02173500   0.00000000    -0.00000000   0.00000000     0.00000000   0.00000000
 -0.00000000   0.00000000    -0.02173500   0.00000000     0.00000000   0.00000000
  0.00000000   0.00000000     0.00000000   0.00000000    -0.14396094   0.00000000
    4    1
 -0.18968921   0.00000000    -0.00000000   0.00000000     0.00000000   0.00000000
 -0.00000000   0.00000000    -0.18968921   0.00000000     0.00000000   0.00000000
  0.00000000   0.00000000     0.00000000   0.00000000    -0.05661670   0.00000000
    4    2
 -0.00504641   0.00000000    -0.00000000   0.00000000     0.00000000   0.00000000
 -0.00000000   0.00000000    -0.00504641   0.00000000     0.00000000   0.00000000
  0.00000000   0.00000000     0.00000000   0.00000000    -0.11405191   0.00000000
    4    3
 -0.02173500   0.00000000    -0.00000000   0.00000000     0.00000000   0.00000000
 -0.00000000   0.00000000    -0.02173500   0.00000000     0.00000000   0.00000000
  0.00000000   0.00000000     0.00000000   0.00000000    -0.14396094   0.00000000
    4    4
  0.21624037   0.00000000     0.00000000   0.00000000     0.00000000   0.00000000
  0.00000000   0.00000000     0.21624037   0.00000000     0.00000000   0.00000000
  0.00000000   0.00000000     0.00000000   0.00000000     0.31436920   0.00000000

     Dielectric Tensor:

          3.128177208311          0.000000001272          0.000000000000
          0.000000001272          3.128177205110         -0.000000000000
          0.000000000000          0.000000000000          3.144096336955

     Effective Charges E-U: Z_{alpha}{s,beta}

     atom #    1
          2.045089817996         -0.000000010734          0.000000000000
         -0.000000010734          2.045089844998          0.000000000000
          0.000000000000          0.000000000000          2.080698152807
     atom #    2
          2.045089817996         -0.000000010734          0.000000000000
         -0.000000010734          2.045089844998          0.000000000000
         -0.000000000000         -0.000000000000          2.080698152807
     atom #    3
         -2.044001077374         -0.000000004809          0.000000000000
         -0.000000004809         -2.044001065276          0.000000000000
          0.000000000000         -0.000000000000         -2.074438886587
     atom #    4
         -2.044001077374         -0.000000004809          0.000000000000
         -0.000000004809         -2.044001065276          0.000000000000
          0.000000000000          0.000000000000         -2.074438886587

     Diagonalizing the dynamical matrix

     q = (    0.000000000   0.000000000   0.000000000 ) 

 **************************************************************************
     freq (    1) =       0.292918 [THz] =       9.770707 [cm-1]
 ( -0.000000  0.000000  0.000000  0.000000 -0.499448  0.000000 ) 
 ( -0.000000  0.000000  0.000000  0.000000 -0.499448  0.000000 ) 
 ( -0.000000  0.000000  0.000000  0.000000 -0.500551  0.000000 ) 
 ( -0.000000  0.000000  0.000000  0.000000 -0.500551  0.000000 ) 
     freq (    2) =       0.561528 [THz] =      18.730564 [cm-1]
 (  0.164518  0.000000 -0.471266  0.000000 -0.000000  0.000000 ) 
 (  0.164518  0.000000 -0.471266  0.000000 -0.000000  0.000000 ) 
 (  0.165073  0.000000 -0.472857  0.000000 -0.000000  0.000000 ) 
 (  0.165073  0.000000 -0.472857  0.000000 -0.000000  0.000000 ) 
     freq (    3) =       0.561528 [THz] =      18.730564 [cm-1]
 (  0.471266  0.000000  0.164518  0.000000 -0.000000  0.000000 ) 
 (  0.471266  0.000000  0.164518  0.000000 -0.000000  0.000000 ) 
 (  0.472857  0.000000  0.165073  0.000000 -0.000000  0.000000 ) 
 (  0.472857  0.000000  0.165073  0.000000 -0.000000  0.000000 ) 
     freq (    4) =       3.382650 [THz] =     112.833056 [cm-1]
 ( -0.179354  0.000000  0.513798  0.000000  0.000000  0.000000 ) 
 (  0.179354  0.000000 -0.513798  0.000000  0.000000  0.000000 ) 
 (  0.148799  0.000000 -0.426265  0.000000  0.000000  0.000000 ) 
 ( -0.148799  0.000000  0.426265  0.000000  0.000000  0.000000 ) 
     freq (    5) =       3.382650 [THz] =     112.833056 [cm-1]
 ( -0.513798  0.000000 -0.179354  0.000000  0.000000  0.000000 ) 
 (  0.513798  0.000000  0.179354  0.000000  0.000000  0.000000 ) 
 (  0.426265  0.000000  0.148799  0.000000  0.000000  0.000000 ) 
 ( -0.426265  0.000000 -0.148799  0.000000  0.000000  0.000000 ) 
     freq (    6) =       8.858651 [THz] =     295.492788 [cm-1]
 ( -0.000000  0.000000  0.000000  0.000000  0.697908  0.000000 ) 
 ( -0.000000  0.000000  0.000000  0.000000 -0.697908  0.000000 ) 
 (  0.000000  0.000000 -0.000000  0.000000  0.113683  0.000000 ) 
 ( -0.000000  0.000000 -0.000000  0.000000 -0.113683  0.000000 ) 
     freq (    7) =      12.551689 [THz] =     418.679273 [cm-1]
 ( -0.000000  0.000000 -0.000000  0.000000  0.168425  0.000000 ) 
 ( -0.000000  0.000000 -0.000000  0.000000  0.168425  0.000000 ) 
 (  0.000000  0.000000  0.000000  0.000000 -0.686755  0.000000 ) 
 (  0.000000  0.000000  0.000000  0.000000 -0.686755  0.000000 ) 
     freq (    8) =      13.410896 [THz] =     447.339340 [cm-1]
 (  0.055569  0.000000 -0.159190  0.000000 -0.000000  0.000000 ) 
 (  0.055569  0.000000 -0.159190  0.000000 -0.000000  0.000000 ) 
 ( -0.226321  0.000000  0.648344  0.000000  0.000000  0.000000 ) 
 ( -0.226321  0.000000  0.648344  0.000000  0.000000  0.000000 ) 
     freq (    9) =      13.410896 [THz] =     447.339340 [cm-1]
 ( -0.159190  0.000000 -0.055569  0.000000 -0.000000  0.000000 ) 
 ( -0.159190  0.000000 -0.055569  0.000000 -0.000000  0.000000 ) 
 (  0.648344  0.000000  0.226321  0.000000  0.000000  0.000000 ) 
 (  0.648344  0.000000  0.226321  0.000000  0.000000  0.000000 ) 
     freq (   10) =      14.298610 [THz] =     476.950293 [cm-1]
 ( -0.046366  0.000000  0.132826  0.000000  0.000000  0.000000 ) 
 (  0.046366  0.000000 -0.132826  0.000000  0.000000  0.000000 ) 
 ( -0.228384  0.000000  0.654254  0.000000 -0.000000  0.000000 ) 
 (  0.228384  0.000000 -0.654254  0.000000 -0.000000  0.000000 ) 
     freq (   11) =      14.298610 [THz] =     476.950294 [cm-1]
 (  0.132826  0.000000  0.046366  0.000000  0.000000  0.000000 ) 
 ( -0.132826  0.000000 -0.046366  0.000000  0.000000  0.000000 ) 
 (  0.654254  0.000000  0.228384  0.000000 -0.000000  0.000000 ) 
 ( -0.654254  0.000000 -0.228384  0.000000 -0.000000  0.000000 ) 
     freq (   12) =      18.489908 [THz] =     616.756943 [cm-1]
 (  0.000000  0.000000  0.000000  0.000000  0.028164  0.000000 ) 
 ( -0.000000  0.000000 -0.000000  0.000000 -0.028164  0.000000 ) 
 (  0.000000  0.000000  0.000000  0.000000 -0.706546  0.000000 ) 
 ( -0.000000  0.000000 -0.000000  0.000000  0.706546  0.000000 ) 
 **************************************************************************
