 &plot nbnd=  36, nks=    36 /
            0.000000  0.000000  0.000000
 -114.290 -114.290  -68.476  -68.473  -68.471  -68.471  -68.471  -68.471   -8.604   -7.926
    3.563    3.563    3.619    3.740    3.740    3.809    4.616    4.616    4.810    4.810
    5.096    8.386    8.386    9.060    9.134    9.134    9.947   14.297   17.284   21.916
   21.916   23.045   23.121   23.121   25.550   27.158
            0.100000  0.057735  0.000000
 -114.290 -114.290  -68.476  -68.473  -68.471  -68.471  -68.471  -68.471   -8.553   -7.904
    3.512    3.594    3.651    3.736    3.783    3.878    4.596    4.613    4.815    4.863
    5.084    8.031    8.258    8.531    8.998    9.065   10.675   14.698   17.285   20.928
   22.004   22.400   23.181   23.240   25.071   26.563
            0.200000  0.115470  0.000000
 -114.290 -114.290  -68.476  -68.473  -68.472  -68.471  -68.471  -68.471   -8.412   -7.847
    3.407    3.668    3.675    3.782    3.903    4.072    4.544    4.620    4.824    5.024
    5.053    7.183    7.790    7.925    8.805    8.879   11.787   15.599   17.279   19.388
   21.149   22.236   22.770   23.277   24.344   26.440
            0.300000  0.173205  0.000000
 -114.290 -114.290  -68.475  -68.474  -68.472  -68.472  -68.471  -68.471   -8.223   -7.786
    3.334    3.656    3.746    3.920    4.074    4.274    4.520    4.662    4.835    5.027
    5.270    6.293    7.102    7.505    8.487    8.634   12.973   16.415   17.184   18.142
   20.210   21.722   22.438   23.067   24.658   27.183
            0.400000  0.230940  0.000000
 -114.290 -114.290  -68.475  -68.474  -68.473  -68.472  -68.472  -68.471   -8.046   -7.755
    3.352    3.641    3.793    4.095    4.235    4.255    4.625    4.733    4.847    5.054
    5.333    5.824    6.567    7.144    8.114    8.423   14.118   16.609   16.737   17.560
   19.759   21.368   22.341   23.097   24.809   27.321
            0.500000  0.288675  0.000000
 -114.290 -114.290  -68.475  -68.474  -68.473  -68.472  -68.472  -68.471   -7.964   -7.755
    3.394    3.635    3.806    4.192    4.214    4.302    4.665    4.773    4.853    4.928
    5.429    5.697    6.424    6.996    7.916    8.340   14.831   16.012   16.751   17.458
   19.608   21.439   22.248   23.165   24.794   27.373
            0.500000  0.288675  0.062213
 -114.290 -114.290  -68.475  -68.474  -68.473  -68.472  -68.472  -68.471   -7.958   -7.760
    3.379    3.597    3.816    4.184    4.196    4.287    4.690    4.774    4.848    4.928
    5.410    5.674    6.536    7.034    7.953    8.309   14.771   15.952   16.818   17.477
   19.579   21.514   22.268   23.140   24.433   27.440
            0.500000  0.288675  0.124426
 -114.290 -114.290  -68.475  -68.474  -68.473  -68.472  -68.472  -68.471   -7.941   -7.772
    3.339    3.501    3.843    4.162    4.163    4.243    4.745    4.777    4.835    4.927
    5.378    5.616    6.819    7.142    8.033    8.221   14.650   15.775   16.973   17.517
   19.545   21.638   22.326   23.068   23.841   27.489
            0.500000  0.288675  0.186640
 -114.290 -114.290  -68.475  -68.474  -68.472  -68.472  -68.471  -68.471   -7.916   -7.793
    3.291    3.389    3.888    4.134    4.140    4.177    4.781    4.804    4.820    4.923
    5.366    5.544    7.181    7.303    8.082    8.083   14.583   15.498   17.145   17.535
   19.619   21.470   22.419   22.958   23.723   27.071
            0.500000  0.288675  0.248853
 -114.290 -114.290  -68.475  -68.475  -68.472  -68.472  -68.471  -68.471   -7.885   -7.820
    3.256    3.300    3.949    4.100    4.117    4.122    4.787    4.807    4.853    4.911
    5.380    5.475    7.498    7.544    7.906    8.029   14.648   15.168   17.297   17.501
   19.886   20.933   22.539   22.823   24.259   26.152
            0.500000  0.288675  0.311066
 -114.290 -114.290  -68.475  -68.475  -68.472  -68.472  -68.471  -68.471   -7.851   -7.851
    3.255    3.255    4.022    4.022    4.114    4.114    4.796    4.796    4.889    4.889
    5.418    5.418    7.705    7.705    7.844    7.844   14.858   14.858   17.418   17.418
   20.347   20.347   22.678   22.678   25.139   25.139
            0.400000  0.230940  0.311066
 -114.290 -114.290  -68.475  -68.475  -68.472  -68.472  -68.471  -68.471   -7.894   -7.894
    3.253    3.253    3.985    3.985    4.035    4.035    4.777    4.777    4.821    4.821
    5.725    5.725    7.814    7.814    7.827    7.827   14.682   14.682   17.616   17.616
   20.416   20.416   22.665   22.665   25.147   25.147
            0.300000  0.173205  0.311066
 -114.290 -114.290  -68.475  -68.475  -68.472  -68.472  -68.471  -68.471   -8.002   -8.002
    3.268    3.268    3.887    3.887    3.888    3.888    4.746    4.746    4.765    4.765
    6.312    6.312    7.829    7.829    8.087    8.087   14.200   14.200   18.165   18.165
   20.524   20.524   22.600   22.600   25.468   25.468
            0.200000  0.115470  0.311066
 -114.290 -114.290  -68.475  -68.475  -68.471  -68.471  -68.471  -68.471   -8.133   -8.133
    3.320    3.320    3.757    3.757    3.763    3.763    4.732    4.732    4.741    4.741
    6.774    6.774    8.039    8.039    8.411    8.411   13.527   13.527   18.820   18.820
   20.767   20.767   22.454   22.454   26.351   26.351
            0.100000  0.057735  0.311066
 -114.290 -114.290  -68.475  -68.475  -68.471  -68.471  -68.471  -68.471   -8.235   -8.235
    3.389    3.389    3.665    3.665    3.665    3.665    4.732    4.732    4.734    4.734
    6.909    6.909    8.506    8.506    8.667    8.667   12.869   12.869   19.111   19.111
   21.567   21.567   22.275   22.275   27.262   27.262
            0.000000  0.000000  0.311066
 -114.290 -114.290  -68.475  -68.475  -68.471  -68.471  -68.471  -68.471   -8.274   -8.274
    3.423    3.423    3.628    3.628    3.628    3.628    4.733    4.733    4.733    4.733
    6.918    6.918    8.764    8.764    8.764    8.764   12.569   12.569   19.142   19.142
   22.192   22.192   22.192   22.192   27.167   27.167
            0.000000  0.000000  0.248853
 -114.290 -114.290  -68.475  -68.474  -68.471  -68.471  -68.471  -68.471   -8.378   -8.169
    3.438    3.450    3.604    3.604    3.658    3.658    4.701    4.701    4.762    4.762
    6.437    7.400    8.648    8.648    8.880    8.880   11.976   13.118   18.476   19.947
   22.049   22.049   22.391   22.391   26.712   27.660
            0.000000  0.000000  0.186640
 -114.290 -114.290  -68.475  -68.474  -68.471  -68.471  -68.471  -68.471   -8.470   -8.072
    3.503    3.503    3.585    3.585    3.688    3.688    4.669    4.669    4.784    4.784
    5.971    7.879    8.543    8.543    8.983    8.983   11.367   13.595   17.958   20.864
   21.964   21.964   22.628   22.628   26.316   28.017
            0.000000  0.000000  0.124426
 -114.290 -114.290  -68.476  -68.474  -68.471  -68.471  -68.471  -68.471   -8.543   -7.994
    3.560    3.572    3.572    3.617    3.715    3.715    4.641    4.641    4.799    4.799
    5.550    8.353    8.459    8.459    9.064    9.064   10.771   13.970   17.586   21.825
   21.926   21.926   22.867   22.867   25.978   27.562
            0.000000  0.000000  0.062213
 -114.290 -114.290  -68.476  -68.473  -68.471  -68.471  -68.471  -68.471   -8.589   -7.944
    3.565    3.565    3.603    3.734    3.734    3.745    4.623    4.623    4.808    4.808
    5.226    8.404    8.404    8.803    9.116    9.116   10.235   14.213   17.360   21.917
   21.917   22.668   23.051   23.051   25.692   27.263
            0.000000  0.000000  0.000000
 -114.290 -114.290  -68.476  -68.473  -68.471  -68.471  -68.471  -68.471   -8.604   -7.926
    3.563    3.563    3.619    3.740    3.740    3.809    4.616    4.616    4.810    4.810
    5.096    8.386    8.386    9.060    9.134    9.134    9.947   14.297   17.284   21.916
   21.916   23.045   23.121   23.121   25.550   27.158
            0.133300  0.153864  0.000000
 -114.290 -114.290  -68.476  -68.473  -68.471  -68.471  -68.471  -68.471   -8.452   -7.862
    3.446    3.625    3.691    3.748    3.874    4.020    4.562    4.613    4.821    4.978
    5.062    7.468    7.795    8.125    8.865    8.907   11.522   15.379   17.289   19.795
   21.330   22.196   22.718   23.658   24.581   25.540
            0.266600  0.307843  0.000000
 -114.290 -114.290  -68.475  -68.474  -68.472  -68.472  -68.472  -68.471   -8.118   -7.762
    3.421    3.637    3.788    3.954    4.185    4.317    4.529    4.671    4.844    5.062
    5.369    6.172    6.716    7.056    8.282    8.337   13.744   16.703   17.429   17.845
   19.972   20.871   21.496   23.523   24.758   26.551
            0.399900  0.461707  0.000000
 -114.290 -114.290  -68.475  -68.474  -68.473  -68.472  -68.472  -68.471   -7.895   -7.764
    3.514    3.802    4.005    4.058    4.315    4.382    4.622    4.683    4.881    4.897
    5.492    5.788    5.956    6.906    7.595    7.869   15.720   16.698   16.847   17.489
   19.669   20.509   21.726   22.239   24.227   28.792
            0.533300  0.615744  0.000000
 -114.290 -114.290  -68.475  -68.474  -68.472  -68.472  -68.472  -68.471   -8.020   -7.751
    3.527    3.634    3.873    3.982    4.272    4.376    4.526    4.661    4.860    5.121
    5.333    6.115    6.519    6.602    8.010    8.100   14.523   16.790   17.605   17.628
   19.976   20.523   20.758   23.495   24.376   27.132
            0.666600  0.769723  0.000000
 -114.290 -114.290  -68.475  -68.474  -68.472  -68.472  -68.471  -68.471   -8.159   -7.771
    3.330    3.650    3.766    3.977    4.133    4.291    4.549    4.684    4.839    5.032
    5.336    6.059    6.896    7.371    8.362    8.555   13.367   16.576   17.070   17.857
   20.016   21.510   22.435   23.045   24.744   27.209
            0.666600  0.769723  0.062213
 -114.290 -114.290  -68.475  -68.474  -68.472  -68.472  -68.471  -68.471   -8.149   -7.780
    3.319    3.621    3.772    3.966    4.121    4.231    4.561    4.688    4.834    4.994
    5.456    6.116    6.879    7.402    8.373    8.527   13.391   16.343   17.227   17.879
   20.012   21.554   22.439   23.019   24.452   27.348
            0.666600  0.769723  0.124426
 -114.290 -114.290  -68.475  -68.474  -68.472  -68.472  -68.471  -68.471   -8.121   -7.806
    3.291    3.536    3.793    3.943    4.088    4.119    4.599    4.698    4.821    4.943
    5.656    6.252    6.889    7.493    8.377    8.448   13.480   15.905   17.453   17.940
   19.988   21.616   22.452   22.949   23.991   27.391
            0.666600  0.769723  0.186640
 -114.290 -114.290  -68.475  -68.474  -68.472  -68.472  -68.471  -68.471   -8.077   -7.848
    3.259    3.422    3.826    3.923    4.031    4.040    4.654    4.713    4.802    4.892
    5.826    6.308    7.082    7.632    8.307    8.323   13.666   15.400   17.650   18.010
   19.993   21.441   22.485   22.848   23.957   26.985
            0.666600  0.769723  0.248853
 -114.290 -114.290  -68.475  -68.474  -68.472  -68.472  -68.471  -68.471   -8.021   -7.901
    3.242    3.321    3.871    3.921    3.974    3.983    4.716    4.733    4.779    4.838
    5.973    6.233    7.442    7.801    8.121    8.164   13.972   14.880   17.817   18.024
   20.141   20.980   22.544   22.736   24.480   26.201
            0.666600  0.769723  0.311066
 -114.290 -114.290  -68.475  -68.475  -68.472  -68.472  -68.471  -68.471   -7.961   -7.961
    3.259    3.259    3.925    3.925    3.938    3.938    4.755    4.755    4.779    4.779
    6.110    6.110    7.818    7.818    7.984    7.984   14.389   14.389   17.951   17.951
   20.490   20.490   22.630   22.630   25.298   25.298
            0.533300  0.615744  0.311066
 -114.290 -114.290  -68.475  -68.475  -68.472  -68.472  -68.471  -68.471   -7.878   -7.878
    3.391    3.391    3.876    3.876    4.051    4.051    4.744    4.744    4.890    4.890
    5.868    5.868    7.217    7.217    7.929    7.929   15.257   15.257   17.865   17.865
   19.268   19.268   23.074   23.074   25.799   25.799
            0.399900  0.461707  0.311066
 -114.290 -114.290  -68.475  -68.475  -68.472  -68.472  -68.472  -68.472   -7.820   -7.820
    3.453    3.453    3.901    3.901    4.189    4.189    4.709    4.709    5.027    5.027
    5.475    5.475    6.929    6.929    7.954    7.954   15.875   15.875   17.475   17.475
   18.807   18.807   23.672   23.672   25.349   25.349
            0.266600  0.307843  0.311066
 -114.290 -114.290  -68.475  -68.475  -68.472  -68.472  -68.471  -68.471   -7.935   -7.935
    3.318    3.318    3.866    3.866    3.990    3.990    4.750    4.750    4.816    4.816
    6.086    6.086    7.594    7.594    7.921    7.921   14.717   14.717   17.999   17.999
   19.934   19.934   22.698   22.698   25.818   25.818
            0.133300  0.153864  0.311066
 -114.290 -114.290  -68.475  -68.475  -68.471  -68.471  -68.471  -68.471   -8.161   -8.161
    3.340    3.340    3.705    3.705    3.758    3.758    4.730    4.730    4.740    4.740
    6.835    6.835    8.152    8.152    8.459    8.459   13.368   13.368   18.946   18.946
   20.893   20.893   22.366   22.366   26.842   26.842
            0.000000  0.000000  0.311066
 -114.290 -114.290  -68.475  -68.475  -68.471  -68.471  -68.471  -68.471   -8.274   -8.274
    3.423    3.423    3.628    3.628    3.628    3.628    4.733    4.733    4.733    4.733
    6.918    6.918    8.764    8.764    8.764    8.764   12.569   12.569   19.142   19.142
   22.192   22.192   22.192   22.192   27.167   27.167
