# Filename: disp01.pw.out, Snapshot: 1, E_pot (eV): 0.0005757929067870918
      0.0188976       0.0000000       0.0000000      -4.47980000E-03  7.37000000E-05  4.76500000E-05
      0.0000000       0.0000000       0.0000000       4.69900000E-05 -2.32600000E-05  2.02350000E-04
      0.0000000       0.0000000       0.0000000       1.46890000E-04  1.79000000E-06 -6.84000000E-06
      0.0000000       0.0000000       0.0000000       5.49000000E-06 -1.57700000E-05  1.33100000E-05
      0.0000000       0.0000000       0.0000000       8.45000000E-06  7.00000000E-08 -5.00000000E-07
      0.0000000       0.0000000       0.0000000       4.78400000E-05 -2.33400000E-05 -4.38660000E-04
      0.0000000       0.0000000       0.0000000       1.15230000E-04 -1.30000000E-07  1.40000000E-07
      0.0000000       0.0000000       0.0000000       1.58150000E-03 -9.21750000E-04 -6.24630000E-04
      0.0000000       0.0000000       0.0000000       8.49800000E-05 -5.63410000E-04  9.82300000E-05
      0.0000000       0.0000000       0.0000000       7.59000000E-06 -6.90000000E-07 -1.20000000E-06
      0.0000000       0.0000000       0.0000000      -5.19000000E-06  7.24500000E-05 -7.69000000E-05
      0.0000000       0.0000000       0.0000000      -2.20000000E-05  1.50000000E-07  7.10000000E-07
      0.0000000       0.0000000       0.0000000       4.60000000E-07  3.61000000E-06 -2.41200000E-05
      0.0000000       0.0000000       0.0000000       7.59000000E-06 -2.60000000E-07  4.70000000E-07
      0.0000000       0.0000000       0.0000000       4.72000000E-06  6.96800000E-05  8.50900000E-05
      0.0000000       0.0000000       0.0000000      -3.03000000E-06 -7.98000000E-06  4.22000000E-06
      0.0000000       0.0000000       0.0000000       1.05897000E-03 -2.00000000E-08 -4.50000000E-07
      0.0000000       0.0000000       0.0000000       4.81400000E-05  2.29000000E-05 -2.02960000E-04
      0.0000000       0.0000000       0.0000000      -1.29810000E-04 -1.40000000E-07 -1.90000000E-07
      0.0000000       0.0000000       0.0000000       5.10000000E-06  1.58600000E-05 -1.24400000E-05
      0.0000000       0.0000000       0.0000000      -5.94000000E-06 -4.00000000E-08 -5.00000000E-07
      0.0000000       0.0000000       0.0000000       4.73200000E-05  2.28300000E-05  4.36750000E-04
      0.0000000       0.0000000       0.0000000      -1.15750000E-04  1.40000000E-07  6.40000000E-07
      0.0000000       0.0000000       0.0000000       1.49180000E-03  8.56690000E-04  5.82280000E-04
      0.0000000       0.0000000       0.0000000       8.31700000E-05  5.62250000E-04 -9.88600000E-05
      0.0000000       0.0000000       0.0000000      -1.93200000E-05  3.60000000E-07 -4.60000000E-07
      0.0000000       0.0000000       0.0000000      -4.78000000E-06 -7.17300000E-05  7.77200000E-05
      0.0000000       0.0000000       0.0000000       2.05900000E-05 -1.40000000E-07  4.50000000E-07
      0.0000000       0.0000000       0.0000000       2.70000000E-07 -3.65000000E-06  2.30700000E-05
      0.0000000       0.0000000       0.0000000      -1.93200000E-05  5.00000000E-08 -7.50000000E-07
      0.0000000       0.0000000       0.0000000       4.98000000E-06 -6.96800000E-05 -8.39800000E-05
      0.0000000       0.0000000       0.0000000      -1.31300000E-05 -5.30000000E-07  4.10000000E-07
# Filename: disp02.pw.out, Snapshot: 1, E_pot (eV): 0.0005821875765214628
     -0.0000000       0.0188976       0.0000000       0.00000000E+00 -4.55362000E-03  4.89400000E-05
      0.0000000       0.0000000       0.0000000      -2.33800000E-05  2.15600000E-05 -1.17350000E-04
      0.0000000       0.0000000       0.0000000       0.00000000E+00  1.45160000E-04 -7.64000000E-06
      0.0000000       0.0000000       0.0000000      -1.56500000E-05 -1.30100000E-05 -7.43000000E-06
      0.0000000       0.0000000       0.0000000       0.00000000E+00  8.33000000E-06  1.10000000E-07
      0.0000000       0.0000000       0.0000000      -2.30500000E-05  2.09800000E-05  2.53380000E-04
      0.0000000       0.0000000       0.0000000       0.00000000E+00  1.15600000E-04 -4.30000000E-07
      0.0000000       0.0000000       0.0000000      -8.74760000E-04  5.08440000E-04  3.43490000E-04
      0.0000000       0.0000000       0.0000000      -5.63280000E-04  7.35050000E-04  5.71400000E-05
      0.0000000       0.0000000       0.0000000       0.00000000E+00  6.05500000E-05  2.34700000E-04
      0.0000000       0.0000000       0.0000000       7.23400000E-05 -8.86900000E-05 -4.52500000E-05
      0.0000000       0.0000000       0.0000000       0.00000000E+00  1.45400000E-05  1.46600000E-05
      0.0000000       0.0000000       0.0000000       3.61000000E-06 -3.77000000E-06 -1.35300000E-05
      0.0000000       0.0000000       0.0000000       0.00000000E+00  6.14500000E-05 -5.06430000E-04
      0.0000000       0.0000000       0.0000000       6.97000000E-05 -7.58600000E-05  4.87600000E-05
      0.0000000       0.0000000       0.0000000       0.00000000E+00  2.12703000E-03 -7.27470000E-04
      0.0000000       0.0000000       0.0000000       0.00000000E+00 -2.41720000E-04 -1.13540000E-04
      0.0000000       0.0000000       0.0000000       2.33800000E-05  2.15600000E-05 -1.17350000E-04
      0.0000000       0.0000000       0.0000000       0.00000000E+00  3.67100000E-05  8.94100000E-05
      0.0000000       0.0000000       0.0000000       1.56500000E-05 -1.30100000E-05 -7.43000000E-06
      0.0000000       0.0000000       0.0000000       0.00000000E+00  2.37000000E-06  2.72800000E-05
      0.0000000       0.0000000       0.0000000       2.30500000E-05  2.09800000E-05  2.53380000E-04
      0.0000000       0.0000000       0.0000000       0.00000000E+00  4.52300000E-05 -9.77000000E-05
      0.0000000       0.0000000       0.0000000       8.74760000E-04  5.08440000E-04  3.43490000E-04
      0.0000000       0.0000000       0.0000000       5.63280000E-04  7.35050000E-04  5.71400000E-05
      0.0000000       0.0000000       0.0000000       0.00000000E+00 -1.97100000E-05  1.70000000E-07
      0.0000000       0.0000000       0.0000000      -7.23400000E-05 -8.86900000E-05 -4.52500000E-05
      0.0000000       0.0000000       0.0000000       0.00000000E+00  2.06700000E-05 -1.80000000E-07
      0.0000000       0.0000000       0.0000000      -3.61000000E-06 -3.77000000E-06 -1.35300000E-05
      0.0000000       0.0000000       0.0000000       0.00000000E+00 -1.94000000E-05 -1.60000000E-07
      0.0000000       0.0000000       0.0000000      -6.97000000E-05 -7.58600000E-05  4.87600000E-05
      0.0000000       0.0000000       0.0000000       0.00000000E+00 -1.25700000E-05 -1.50000000E-07
# Filename: disp03.pw.out, Snapshot: 1, E_pot (eV): 0.0005695342925391645
      0.0000000      -0.0188964       0.0000000       0.00000000E+00  4.40565000E-03  4.78800000E-05
      0.0000000       0.0000000       0.0000000       2.26200000E-05 -2.03800000E-05  1.16780000E-04
      0.0000000       0.0000000       0.0000000       0.00000000E+00 -1.48660000E-04 -7.65000000E-06
      0.0000000       0.0000000       0.0000000       1.58900000E-05  1.28100000E-05  7.22000000E-06
      0.0000000       0.0000000       0.0000000       0.00000000E+00 -8.44000000E-06  4.20000000E-07
      0.0000000       0.0000000       0.0000000       2.29000000E-05 -2.09000000E-05 -2.51990000E-04
      0.0000000       0.0000000       0.0000000       0.00000000E+00 -1.15120000E-04 -6.60000000E-07
      0.0000000       0.0000000       0.0000000       9.02940000E-04 -5.11430000E-04 -3.53370000E-04
      0.0000000       0.0000000       0.0000000       5.62500000E-04 -7.33020000E-04 -5.63900000E-05
      0.0000000       0.0000000       0.0000000       0.00000000E+00 -6.11200000E-05 -2.32990000E-04
      0.0000000       0.0000000       0.0000000      -7.18600000E-05  8.79700000E-05  4.38900000E-05
      0.0000000       0.0000000       0.0000000       0.00000000E+00 -1.43200000E-05 -1.54300000E-05
      0.0000000       0.0000000       0.0000000      -3.64000000E-06  3.90000000E-06  1.40200000E-05
      0.0000000       0.0000000       0.0000000       0.00000000E+00 -6.03300000E-05  5.05010000E-04
      0.0000000       0.0000000       0.0000000      -6.96500000E-05  7.54500000E-05 -4.90100000E-05
      0.0000000       0.0000000       0.0000000       0.00000000E+00 -1.97432000E-03  6.66450000E-04
      0.0000000       0.0000000       0.0000000       0.00000000E+00  2.40250000E-04  1.14380000E-04
      0.0000000       0.0000000       0.0000000      -2.26200000E-05 -2.03800000E-05  1.16780000E-04
      0.0000000       0.0000000       0.0000000       0.00000000E+00 -3.65200000E-05 -8.95500000E-05
      0.0000000       0.0000000       0.0000000      -1.58900000E-05  1.28100000E-05  7.22000000E-06
      0.0000000       0.0000000       0.0000000       0.00000000E+00 -2.49000000E-06 -2.70900000E-05
      0.0000000       0.0000000       0.0000000      -2.29000000E-05 -2.09000000E-05 -2.51990000E-04
      0.0000000       0.0000000       0.0000000       0.00000000E+00 -4.49500000E-05  9.73500000E-05
      0.0000000       0.0000000       0.0000000      -9.02940000E-04 -5.11430000E-04 -3.53370000E-04
      0.0000000       0.0000000       0.0000000      -5.62500000E-04 -7.33020000E-04 -5.63900000E-05
      0.0000000       0.0000000       0.0000000       0.00000000E+00  1.91700000E-05  3.90000000E-07
      0.0000000       0.0000000       0.0000000       7.18600000E-05  8.79700000E-05  4.38900000E-05
      0.0000000       0.0000000       0.0000000       0.00000000E+00 -2.06000000E-05 -4.10000000E-07
      0.0000000       0.0000000       0.0000000       3.64000000E-06  3.90000000E-06  1.40200000E-05
      0.0000000       0.0000000       0.0000000       0.00000000E+00  1.95000000E-05  7.00000000E-08
      0.0000000       0.0000000       0.0000000       6.96500000E-05  7.54500000E-05 -4.90100000E-05
      0.0000000       0.0000000       0.0000000       0.00000000E+00  1.35200000E-05 -4.50000000E-07
# Filename: disp04.pw.out, Snapshot: 1, E_pot (eV): 0.0005729357168231678
      0.0000000       0.0000000       0.0188976       0.00000000E+00 -3.00000000E-08 -4.50268000E-03
      0.0000000       0.0000000       0.0000000       4.39300000E-04 -2.53650000E-04  3.09450000E-04
      0.0000000       0.0000000       0.0000000       0.00000000E+00 -1.00000000E-08  2.42144000E-03
      0.0000000       0.0000000       0.0000000      -3.57400000E-05  2.06600000E-05 -2.24010000E-04
      0.0000000       0.0000000       0.0000000       0.00000000E+00  3.00000000E-08  2.90990000E-04
      0.0000000       0.0000000       0.0000000      -2.01040000E-04  1.16070000E-04  3.07970000E-04
      0.0000000       0.0000000       0.0000000       0.00000000E+00  1.00000000E-08 -2.68370000E-04
      0.0000000       0.0000000       0.0000000      -6.20390000E-04  3.58200000E-04  4.41840000E-04
      0.0000000       0.0000000       0.0000000       9.87300000E-05  5.70300000E-05 -3.75630000E-04
      0.0000000       0.0000000       0.0000000       0.00000000E+00  5.07280000E-04  3.09490000E-04
      0.0000000       0.0000000       0.0000000      -5.70000000E-07 -3.20000000E-07  1.48520000E-04
      0.0000000       0.0000000       0.0000000       0.00000000E+00 -4.12900000E-05 -2.24000000E-04
      0.0000000       0.0000000       0.0000000      -2.36300000E-05 -1.36600000E-05  1.60320000E-04
      0.0000000       0.0000000       0.0000000       0.00000000E+00 -2.32140000E-04  3.07920000E-04
      0.0000000       0.0000000       0.0000000      -1.11500000E-05 -6.44000000E-06 -1.30390000E-04
      0.0000000       0.0000000       0.0000000       0.00000000E+00 -7.16380000E-04  4.41840000E-04
      0.0000000       0.0000000       0.0000000       0.00000000E+00 -1.14040000E-04 -3.75620000E-04
      0.0000000       0.0000000       0.0000000      -4.39300000E-04 -2.53650000E-04  3.09450000E-04
      0.0000000       0.0000000       0.0000000      -0.00000000E+00  6.50000000E-07  1.48500000E-04
      0.0000000       0.0000000       0.0000000       3.57400000E-05  2.06600000E-05 -2.24010000E-04
      0.0000000       0.0000000       0.0000000       0.00000000E+00  2.73100000E-05  1.60310000E-04
      0.0000000       0.0000000       0.0000000       2.01040000E-04  1.16070000E-04  3.07970000E-04
      0.0000000       0.0000000       0.0000000       0.00000000E+00  1.28900000E-05 -1.30390000E-04
      0.0000000       0.0000000       0.0000000       6.20390000E-04  3.58200000E-04  4.41840000E-04
      0.0000000       0.0000000       0.0000000      -9.87300000E-05  5.70300000E-05 -3.75630000E-04
      0.0000000       0.0000000       0.0000000       0.00000000E+00  1.00000000E-08  7.18500000E-05
      0.0000000       0.0000000       0.0000000       5.70000000E-07 -3.20000000E-07  1.48520000E-04
      0.0000000       0.0000000       0.0000000       0.00000000E+00 -2.00000000E-08 -9.60800000E-05
      0.0000000       0.0000000       0.0000000       2.36300000E-05 -1.36600000E-05  1.60320000E-04
      0.0000000       0.0000000       0.0000000       0.00000000E+00  0.00000000E+00  7.26300000E-05
      0.0000000       0.0000000       0.0000000       1.11500000E-05 -6.44000000E-06 -1.30390000E-04
      0.0000000       0.0000000       0.0000000       0.00000000E+00 -2.00000000E-08  9.60000000E-05
# Filename: disp05.pw.out, Snapshot: 1, E_pot (eV): 0.0005591939642007108
      0.0000000       0.0000000      -0.0188976       0.00000000E+00 -3.00000000E-08  4.30764000E-03
      0.0000000       0.0000000       0.0000000      -4.36620000E-04  2.52070000E-04 -3.07250000E-04
      0.0000000       0.0000000       0.0000000       0.00000000E+00 -1.00000000E-08 -2.24330000E-03
      0.0000000       0.0000000       0.0000000       3.56500000E-05 -2.05600000E-05  2.22680000E-04
      0.0000000       0.0000000       0.0000000       0.00000000E+00  3.00000000E-08 -2.92920000E-04
      0.0000000       0.0000000       0.0000000       2.04110000E-04 -1.17840000E-04 -3.07460000E-04
      0.0000000       0.0000000       0.0000000       0.00000000E+00  1.00000000E-08  2.67630000E-04
      0.0000000       0.0000000       0.0000000       6.25270000E-04 -3.60980000E-04 -4.36090000E-04
      0.0000000       0.0000000       0.0000000      -9.93100000E-05 -5.73100000E-05  3.75770000E-04
      0.0000000       0.0000000       0.0000000       0.00000000E+00 -5.04160000E-04 -3.07210000E-04
      0.0000000       0.0000000       0.0000000       6.20000000E-07  3.70000000E-07 -1.48100000E-04
      0.0000000       0.0000000       0.0000000       0.00000000E+00  4.11400000E-05  2.22690000E-04
      0.0000000       0.0000000       0.0000000       2.35100000E-05  1.35500000E-05 -1.60860000E-04
      0.0000000       0.0000000       0.0000000       0.00000000E+00  2.35680000E-04 -3.07510000E-04
      0.0000000       0.0000000       0.0000000       1.09500000E-05  6.31000000E-06  1.29440000E-04
      0.0000000       0.0000000       0.0000000       0.00000000E+00  7.21980000E-04 -4.36090000E-04
      0.0000000       0.0000000       0.0000000       0.00000000E+00  1.14640000E-04  3.75780000E-04
      0.0000000       0.0000000       0.0000000       4.36620000E-04  2.52070000E-04 -3.07250000E-04
      0.0000000       0.0000000       0.0000000       0.00000000E+00 -7.30000000E-07 -1.48120000E-04
      0.0000000       0.0000000       0.0000000      -3.56500000E-05 -2.05600000E-05  2.22680000E-04
      0.0000000       0.0000000       0.0000000       0.00000000E+00 -2.71300000E-05 -1.60870000E-04
      0.0000000       0.0000000       0.0000000      -2.04110000E-04 -1.17840000E-04 -3.07460000E-04
      0.0000000       0.0000000       0.0000000       0.00000000E+00 -1.26300000E-05  1.29440000E-04
      0.0000000       0.0000000       0.0000000      -6.25270000E-04 -3.60980000E-04 -4.36090000E-04
      0.0000000       0.0000000       0.0000000       9.93100000E-05 -5.73100000E-05  3.75770000E-04
      0.0000000       0.0000000       0.0000000       0.00000000E+00  1.00000000E-08 -7.27100000E-05
      0.0000000       0.0000000       0.0000000      -6.20000000E-07  3.70000000E-07 -1.48100000E-04
      0.0000000       0.0000000       0.0000000       0.00000000E+00 -2.00000000E-08  9.45600000E-05
      0.0000000       0.0000000       0.0000000      -2.35100000E-05  1.35500000E-05 -1.60860000E-04
      0.0000000       0.0000000       0.0000000       0.00000000E+00  0.00000000E+00 -6.97200000E-05
      0.0000000       0.0000000       0.0000000      -1.09500000E-05  6.31000000E-06  1.29440000E-04
      0.0000000       0.0000000       0.0000000       0.00000000E+00 -2.00000000E-08 -9.55300000E-05
# Filename: disp06.pw.out, Snapshot: 1, E_pot (eV): 0.0006438213677185484
      0.0000000       0.0000000       0.0000000       1.47050000E-04 -5.60000000E-07  7.76000000E-06
      0.0000000       0.0000000       0.0000000       1.58273000E-03 -9.22590000E-04  6.45380000E-04
      0.0188976       0.0000000       0.0000000      -5.00828000E-03  7.77200000E-05 -5.14200000E-05
      0.0000000       0.0000000       0.0000000       1.12100000E-04 -7.87100000E-05  2.76640000E-04
      0.0000000       0.0000000       0.0000000       1.15410000E-04 -3.00000000E-08  2.60000000E-07
      0.0000000       0.0000000       0.0000000       5.36000000E-06 -1.57800000E-05  3.60000000E-05
      0.0000000       0.0000000       0.0000000      -2.55600000E-05  6.00000000E-08 -2.90000000E-07
      0.0000000       0.0000000       0.0000000       1.11500000E-04 -7.82700000E-05 -1.59000000E-04
      0.0000000       0.0000000       0.0000000      -5.28000000E-06  7.21600000E-05 -4.10000000E-07
      0.0000000       0.0000000       0.0000000      -3.01000000E-06 -7.84000000E-06 -2.11000000E-06
      0.0000000       0.0000000       0.0000000       2.47670000E-04 -4.64020000E-04  6.65000000E-06
      0.0000000       0.0000000       0.0000000      -2.34900000E-05 -2.60000000E-07 -7.40000000E-07
      0.0000000       0.0000000       0.0000000       4.64000000E-06  6.97300000E-05 -1.08700000E-05
      0.0000000       0.0000000       0.0000000      -2.19600000E-05 -0.00000000E+00  1.00000000E-08
      0.0000000       0.0000000       0.0000000      -3.03000000E-06 -2.30900000E-05  1.01000000E-05
      0.0000000       0.0000000       0.0000000      -2.35000000E-05 -5.70000000E-07  5.30000000E-07
      0.0000000       0.0000000       0.0000000      -1.30070000E-04  1.00000000E-07  1.23000000E-06
      0.0000000       0.0000000       0.0000000       1.49095000E-03  8.56000000E-04 -6.00970000E-04
      0.0000000       0.0000000       0.0000000       1.05017000E-03  8.20000000E-07 -7.10000000E-07
      0.0000000       0.0000000       0.0000000       1.11660000E-04  7.76100000E-05 -2.75440000E-04
      0.0000000       0.0000000       0.0000000      -1.15930000E-04  1.50000000E-07  1.60000000E-07
      0.0000000       0.0000000       0.0000000       5.31000000E-06  1.57500000E-05 -3.55300000E-05
      0.0000000       0.0000000       0.0000000       3.67600000E-05 -2.00000000E-08 -2.50000000E-07
      0.0000000       0.0000000       0.0000000       1.12230000E-04  7.80500000E-05  1.57780000E-04
      0.0000000       0.0000000       0.0000000      -4.78000000E-06 -7.22500000E-05  9.40000000E-07
      0.0000000       0.0000000       0.0000000      -1.31100000E-05 -1.03000000E-06 -1.40000000E-07
      0.0000000       0.0000000       0.0000000       2.46280000E-04  4.63370000E-04 -6.33000000E-06
      0.0000000       0.0000000       0.0000000      -1.21300000E-05  8.00000000E-08 -4.00000000E-08
      0.0000000       0.0000000       0.0000000       5.05000000E-06 -6.97500000E-05  1.15000000E-05
      0.0000000       0.0000000       0.0000000       2.06300000E-05  0.00000000E+00  3.60000000E-07
      0.0000000       0.0000000       0.0000000      -3.26000000E-06  2.29800000E-05 -1.06100000E-05
      0.0000000       0.0000000       0.0000000      -1.21100000E-05  1.80000000E-07 -4.20000000E-07
# Filename: disp07.pw.out, Snapshot: 1, E_pot (eV): 0.000650352105313668
      0.0000000       0.0000000       0.0000000       0.00000000E+00  1.47490000E-04  7.77000000E-06
      0.0000000       0.0000000       0.0000000      -8.74250000E-04  5.08230000E-04 -3.53740000E-04
     -0.0000000       0.0188976       0.0000000       0.00000000E+00 -5.08627000E-03 -5.19700000E-05
      0.0000000       0.0000000       0.0000000      -7.79500000E-05  2.19900000E-05 -1.59670000E-04
      0.0000000       0.0000000       0.0000000       0.00000000E+00  1.15520000E-04  2.20000000E-07
      0.0000000       0.0000000       0.0000000      -1.57600000E-05 -1.28500000E-05 -2.05300000E-05
      0.0000000       0.0000000       0.0000000       0.00000000E+00 -2.56000000E-05 -2.90000000E-07
      0.0000000       0.0000000       0.0000000      -7.84000000E-05  2.21200000E-05  9.16500000E-05
      0.0000000       0.0000000       0.0000000       7.20600000E-05 -8.84800000E-05  5.20000000E-07
      0.0000000       0.0000000       0.0000000       0.00000000E+00  2.12860000E-03  7.50150000E-04
      0.0000000       0.0000000       0.0000000      -4.64510000E-04  7.82910000E-04  3.34000000E-06
      0.0000000       0.0000000       0.0000000       0.00000000E+00  1.57690000E-04  3.19980000E-04
      0.0000000       0.0000000       0.0000000       6.96600000E-05 -7.58800000E-05 -6.26000000E-06
      0.0000000       0.0000000       0.0000000       0.00000000E+00  1.44600000E-05  4.15300000E-05
      0.0000000       0.0000000       0.0000000      -2.30500000E-05  2.35600000E-05  5.73000000E-06
      0.0000000       0.0000000       0.0000000       0.00000000E+00  1.56800000E-04 -1.83910000E-04
      0.0000000       0.0000000       0.0000000       0.00000000E+00  3.68900000E-05  6.80000000E-07
      0.0000000       0.0000000       0.0000000       8.74250000E-04  5.08230000E-04 -3.53740000E-04
      0.0000000       0.0000000       0.0000000       0.00000000E+00 -2.16300000E-05 -7.00000000E-06
      0.0000000       0.0000000       0.0000000       7.79500000E-05  2.19900000E-05 -1.59670000E-04
      0.0000000       0.0000000       0.0000000       0.00000000E+00  4.53400000E-05  1.32100000E-05
      0.0000000       0.0000000       0.0000000       1.57600000E-05 -1.28500000E-05 -2.05300000E-05
      0.0000000       0.0000000       0.0000000       0.00000000E+00 -1.65200000E-05 -1.21600000E-05
      0.0000000       0.0000000       0.0000000       7.84000000E-05  2.21200000E-05  9.16500000E-05
      0.0000000       0.0000000       0.0000000      -7.20600000E-05 -8.84800000E-05  5.20000000E-07
      0.0000000       0.0000000       0.0000000       0.00000000E+00 -1.19600000E-05 -1.80000000E-07
      0.0000000       0.0000000       0.0000000       4.64510000E-04  7.82910000E-04  3.34000000E-06
      0.0000000       0.0000000       0.0000000       0.00000000E+00 -1.22600000E-05  0.00000000E+00
      0.0000000       0.0000000       0.0000000      -6.96600000E-05 -7.58800000E-05 -6.26000000E-06
      0.0000000       0.0000000       0.0000000       0.00000000E+00  2.06300000E-05  3.40000000E-07
      0.0000000       0.0000000       0.0000000       2.30500000E-05  2.35600000E-05  5.73000000E-06
      0.0000000       0.0000000       0.0000000       0.00000000E+00 -1.23500000E-05 -4.10000000E-07
# Filename: disp08.pw.out, Snapshot: 1, E_pot (eV): 0.0006372906424977339
      0.0000000       0.0000000       0.0000000       0.00000000E+00 -1.46790000E-04  5.68000000E-06
      0.0000000       0.0000000       0.0000000       9.03280000E-04 -5.11350000E-04  3.62440000E-04
      0.0000000      -0.0188964       0.0000000       0.00000000E+00  4.93061000E-03 -4.83500000E-05
      0.0000000       0.0000000       0.0000000       7.81800000E-05 -2.12900000E-05  1.61920000E-04
      0.0000000       0.0000000       0.0000000       0.00000000E+00 -1.15820000E-04 -2.17000000E-06
      0.0000000       0.0000000       0.0000000       1.58900000E-05  1.30000000E-05  1.85300000E-05
      0.0000000       0.0000000       0.0000000       0.00000000E+00  2.54800000E-05  1.84000000E-06
      0.0000000       0.0000000       0.0000000       7.78900000E-05 -2.12500000E-05 -8.89700000E-05
      0.0000000       0.0000000       0.0000000      -7.25100000E-05  8.84400000E-05 -8.90000000E-07
      0.0000000       0.0000000       0.0000000       0.00000000E+00 -1.97342000E-03 -6.91830000E-04
      0.0000000       0.0000000       0.0000000       4.63080000E-04 -7.82520000E-04 -2.00000000E-06
      0.0000000       0.0000000       0.0000000       0.00000000E+00 -1.56400000E-04 -3.15370000E-04
      0.0000000       0.0000000       0.0000000      -6.99200000E-05  7.57400000E-05  4.28000000E-06
      0.0000000       0.0000000       0.0000000       0.00000000E+00 -1.42800000E-05 -4.30900000E-05
      0.0000000       0.0000000       0.0000000       2.30600000E-05 -2.33800000E-05 -3.98000000E-06
      0.0000000       0.0000000       0.0000000       0.00000000E+00 -1.57010000E-04  1.84200000E-04
      0.0000000       0.0000000       0.0000000       0.00000000E+00 -3.62000000E-05 -2.63000000E-06
      0.0000000       0.0000000       0.0000000      -9.03280000E-04 -5.11350000E-04  3.62440000E-04
      0.0000000       0.0000000       0.0000000       0.00000000E+00  2.02600000E-05  1.03500000E-05
      0.0000000       0.0000000       0.0000000      -7.81800000E-05 -2.12900000E-05  1.61920000E-04
      0.0000000       0.0000000       0.0000000       0.00000000E+00 -4.49800000E-05 -1.50000000E-05
      0.0000000       0.0000000       0.0000000      -1.58900000E-05  1.30000000E-05  1.85300000E-05
      0.0000000       0.0000000       0.0000000       0.00000000E+00  1.64900000E-05  1.39300000E-05
      0.0000000       0.0000000       0.0000000      -7.78900000E-05 -2.12500000E-05 -8.89700000E-05
      0.0000000       0.0000000       0.0000000       7.25100000E-05  8.84400000E-05 -8.90000000E-07
      0.0000000       0.0000000       0.0000000       0.00000000E+00  1.38400000E-05 -2.76000000E-06
      0.0000000       0.0000000       0.0000000      -4.63080000E-04 -7.82520000E-04 -2.00000000E-06
      0.0000000       0.0000000       0.0000000       0.00000000E+00  1.22100000E-05  2.41000000E-06
      0.0000000       0.0000000       0.0000000       6.99200000E-05  7.57400000E-05  4.28000000E-06
      0.0000000       0.0000000       0.0000000       0.00000000E+00 -2.07900000E-05 -1.77000000E-06
      0.0000000       0.0000000       0.0000000      -2.30600000E-05 -2.33800000E-05 -3.98000000E-06
      0.0000000       0.0000000       0.0000000       0.00000000E+00  1.20000000E-05  1.94000000E-06
# Filename: disp09.pw.out, Snapshot: 1, E_pot (eV): 0.0006382430309028384
      0.0000000       0.0000000       0.0000000       0.00000000E+00 -3.00000000E-08  2.24122000E-03
      0.0000000       0.0000000       0.0000000       6.06510000E-04 -3.50180000E-04  4.35970000E-04
      0.0000000       0.0000000       0.0188976       0.00000000E+00 -1.00000000E-08 -4.91539000E-03
      0.0000000       0.0000000       0.0000000       1.59750000E-04 -9.22100000E-05  3.41810000E-04
      0.0000000       0.0000000       0.0000000       0.00000000E+00  3.00000000E-08 -2.69430000E-04
      0.0000000       0.0000000       0.0000000      -1.27000000E-05  7.34000000E-06 -2.24160000E-04
      0.0000000       0.0000000       0.0000000       0.00000000E+00  1.00000000E-08  1.84390000E-04
      0.0000000       0.0000000       0.0000000      -2.74390000E-04  1.58430000E-04  3.39050000E-04
      0.0000000       0.0000000       0.0000000      -7.73200000E-05 -4.46100000E-05  1.47320000E-04
      0.0000000       0.0000000       0.0000000       0.00000000E+00  7.00350000E-04  4.36010000E-04
      0.0000000       0.0000000       0.0000000       6.79000000E-06  3.94000000E-06 -1.81810000E-04
      0.0000000       0.0000000       0.0000000       0.00000000E+00  1.84440000E-04  3.41820000E-04
      0.0000000       0.0000000       0.0000000       8.48000000E-05  4.89400000E-05 -1.29930000E-04
      0.0000000       0.0000000       0.0000000       0.00000000E+00 -1.46700000E-05 -2.24210000E-04
      0.0000000       0.0000000       0.0000000       1.02300000E-05  5.90000000E-06  1.88830000E-04
      0.0000000       0.0000000       0.0000000       0.00000000E+00 -3.16840000E-04  3.39050000E-04
      0.0000000       0.0000000       0.0000000       0.00000000E+00  8.92500000E-05  1.47330000E-04
      0.0000000       0.0000000       0.0000000      -6.06510000E-04 -3.50180000E-04  4.35970000E-04
      0.0000000       0.0000000       0.0000000      -0.00000000E+00 -7.85000000E-06 -1.81830000E-04
      0.0000000       0.0000000       0.0000000      -1.59750000E-04 -9.22100000E-05  3.41810000E-04
      0.0000000       0.0000000       0.0000000       0.00000000E+00 -9.79000000E-05 -1.29940000E-04
      0.0000000       0.0000000       0.0000000       1.27000000E-05  7.34000000E-06 -2.24160000E-04
      0.0000000       0.0000000       0.0000000       0.00000000E+00 -1.18000000E-05  1.88830000E-04
      0.0000000       0.0000000       0.0000000       2.74390000E-04  1.58430000E-04  3.39050000E-04
      0.0000000       0.0000000       0.0000000       7.73200000E-05 -4.46100000E-05  1.47320000E-04
      0.0000000       0.0000000       0.0000000       0.00000000E+00  1.00000000E-08  9.67400000E-05
      0.0000000       0.0000000       0.0000000      -6.79000000E-06  3.94000000E-06 -1.81810000E-04
      0.0000000       0.0000000       0.0000000       0.00000000E+00 -2.00000000E-08  3.26000000E-06
      0.0000000       0.0000000       0.0000000      -8.48000000E-05  4.89400000E-05 -1.29930000E-04
      0.0000000       0.0000000       0.0000000       0.00000000E+00  0.00000000E+00 -9.61300000E-05
      0.0000000       0.0000000       0.0000000      -1.02300000E-05  5.90000000E-06  1.88830000E-04
      0.0000000       0.0000000       0.0000000       0.00000000E+00 -2.00000000E-08  4.13000000E-06
# Filename: disp10.pw.out, Snapshot: 1, E_pot (eV): 0.0006523929499846258
      0.0000000       0.0000000       0.0000000       0.00000000E+00 -3.00000000E-08 -2.42302000E-03
      0.0000000       0.0000000       0.0000000      -5.99840000E-04  3.46300000E-04 -4.41560000E-04
      0.0000000       0.0000000      -0.0188964       0.00000000E+00 -1.00000000E-08  5.12594000E-03
      0.0000000       0.0000000       0.0000000      -1.57120000E-04  9.07300000E-05 -3.40380000E-04
      0.0000000       0.0000000       0.0000000       0.00000000E+00  3.00000000E-08  2.67260000E-04
      0.0000000       0.0000000       0.0000000       1.32100000E-05 -7.63000000E-06  2.24370000E-04
      0.0000000       0.0000000       0.0000000       0.00000000E+00  1.00000000E-08 -1.84790000E-04
      0.0000000       0.0000000       0.0000000       2.77950000E-04 -1.60460000E-04 -3.42990000E-04
      0.0000000       0.0000000       0.0000000       7.78500000E-05  4.49700000E-05 -1.48490000E-04
      0.0000000       0.0000000       0.0000000      -0.00000000E+00 -6.92620000E-04 -4.41520000E-04
      0.0000000       0.0000000       0.0000000      -6.15000000E-06 -3.54000000E-06  1.81720000E-04
      0.0000000       0.0000000       0.0000000       0.00000000E+00 -1.81450000E-04 -3.40370000E-04
      0.0000000       0.0000000       0.0000000      -8.43500000E-05 -4.87200000E-05  1.30420000E-04
      0.0000000       0.0000000       0.0000000       0.00000000E+00  1.52500000E-05  2.24320000E-04
      0.0000000       0.0000000       0.0000000      -1.04700000E-05 -6.05000000E-06 -1.89390000E-04
      0.0000000       0.0000000       0.0000000       0.00000000E+00  3.20940000E-04 -3.42990000E-04
      0.0000000       0.0000000       0.0000000      -0.00000000E+00 -8.99300000E-05 -1.48480000E-04
      0.0000000       0.0000000       0.0000000       5.99840000E-04  3.46300000E-04 -4.41560000E-04
      0.0000000       0.0000000       0.0000000       0.00000000E+00  7.09000000E-06  1.81700000E-04
      0.0000000       0.0000000       0.0000000       1.57120000E-04  9.07300000E-05 -3.40380000E-04
      0.0000000       0.0000000       0.0000000       0.00000000E+00  9.74200000E-05  1.30410000E-04
      0.0000000       0.0000000       0.0000000      -1.32100000E-05 -7.63000000E-06  2.24370000E-04
      0.0000000       0.0000000       0.0000000       0.00000000E+00  1.21000000E-05 -1.89390000E-04
      0.0000000       0.0000000       0.0000000      -2.77950000E-04 -1.60460000E-04 -3.42990000E-04
      0.0000000       0.0000000       0.0000000      -7.78500000E-05  4.49700000E-05 -1.48490000E-04
      0.0000000       0.0000000       0.0000000       0.00000000E+00  1.00000000E-08 -9.43800000E-05
      0.0000000       0.0000000       0.0000000       6.15000000E-06 -3.54000000E-06  1.81720000E-04
      0.0000000       0.0000000       0.0000000       0.00000000E+00 -2.00000000E-08 -4.70000000E-06
      0.0000000       0.0000000       0.0000000       8.43500000E-05 -4.87200000E-05  1.30420000E-04
      0.0000000       0.0000000       0.0000000       0.00000000E+00  0.00000000E+00  9.62800000E-05
      0.0000000       0.0000000       0.0000000       1.04700000E-05 -6.05000000E-06 -1.89390000E-04
      0.0000000       0.0000000       0.0000000       0.00000000E+00 -2.00000000E-08 -3.66000000E-06
