# Filename: xfset/XFSET.zno_mlff01, Snapshot: 1
    0.01889726124994     0.00000000000000     0.00000000000000      -4.35673614E-03  7.04280871E-05  4.68327656E-05
    0.00000000000000     0.00000000000000     0.00000000000000       4.99550911E-05 -4.16789953E-05  1.73106305E-04
    0.00000000000000     0.00000000000000     0.00000000000000       2.07170328E-04  1.74700349E-06 -7.26557519E-06
    0.00000000000000     0.00000000000000     0.00000000000000       1.31993661E-05 -2.73834211E-05  6.40492401E-05
    0.00000000000000     0.00000000000000     0.00000000000000      -7.64599560E-05  2.71658826E-07 -7.96079048E-07
    0.00000000000000     0.00000000000000     0.00000000000000       4.91865258E-05 -4.13060399E-05 -4.34402664E-04
    0.00000000000000     0.00000000000000     0.00000000000000       1.79689210E-05  7.44280943E-07 -3.14111877E-06
    0.00000000000000     0.00000000000000     0.00000000000000       1.56012397E-03 -8.92662520E-04 -5.81025367E-04
    0.00000000000000     0.00000000000000     0.00000000000000       9.56540530E-05 -5.57820534E-04  5.42053089E-05
    0.00000000000000     0.00000000000000     0.00000000000000      -2.01060773E-05 -1.44605830E-06 -1.90664537E-06
    0.00000000000000     0.00000000000000     0.00000000000000      -3.82539573E-05  3.65144620E-05 -5.28500404E-05
    0.00000000000000     0.00000000000000     0.00000000000000      -3.44237844E-05  5.14223479E-07  1.07753587E-06
    0.00000000000000     0.00000000000000     0.00000000000000      -1.01951575E-05 -4.17943955E-05  2.60465930E-05
    0.00000000000000     0.00000000000000     0.00000000000000      -2.01156317E-05 -2.23902057E-06  3.37824844E-06
    0.00000000000000     0.00000000000000     0.00000000000000       4.97705980E-06  5.79031380E-05  4.46336543E-07
    0.00000000000000     0.00000000000000     0.00000000000000       2.21355145E-05 -8.45613117E-06  4.20232370E-06
    0.00000000000000     0.00000000000000     0.00000000000000       1.06203928E-03 -1.13121736E-06 -2.33913426E-07
    0.00000000000000     0.00000000000000     0.00000000000000       5.33450964E-05  4.12004762E-05 -1.75643018E-04
    0.00000000000000     0.00000000000000     0.00000000000000      -1.03955233E-04  1.63257719E-06 -1.01069668E-06
    0.00000000000000     0.00000000000000     0.00000000000000       1.18510535E-05  2.68397181E-05 -6.14115661E-05
    0.00000000000000     0.00000000000000     0.00000000000000       6.16352061E-05  9.76710157E-09 -1.25638964E-06
    0.00000000000000     0.00000000000000     0.00000000000000       5.41141373E-05  4.15808825E-05  4.35474141E-04
    0.00000000000000     0.00000000000000     0.00000000000000      -9.64571887E-05  8.42492709E-07 -2.56496413E-06
    0.00000000000000     0.00000000000000     0.00000000000000       1.47043551E-03  8.31880020E-04  5.38764105E-04
    0.00000000000000     0.00000000000000     0.00000000000000       9.38886556E-05  5.59031650E-04 -5.45602426E-05
   -0.00000000000000     0.00000000000000     0.00000000000000      -4.42355682E-05  1.97130094E-06 -1.09432391E-06
    0.00000000000000     0.00000000000000     0.00000000000000      -3.75976922E-05 -3.97439333E-05  5.85533002E-05
   -0.00000000000000     0.00000000000000     0.00000000000000       6.87221073E-05  2.99492352E-07  1.57033705E-06
    0.00000000000000     0.00000000000000     0.00000000000000      -1.06964011E-05  4.14320941E-05 -2.55869104E-05
   -0.00000000000000     0.00000000000000     0.00000000000000      -4.42305488E-05  1.76241560E-06  2.67922925E-06
    0.00000000000000     0.00000000000000     0.00000000000000       5.27950172E-06 -5.93982454E-05 -5.56070346E-06
   -0.00000000000000     0.00000000000000     0.00000000000000      -8.21804504E-06 -1.54522865E-06 -7.55509240E-08
# Filename: xfset/XFSET.zno_mlff02, Snapshot: 1
    0.00000000000000     0.01889726124994     0.00000000000000      -4.49184604E-12 -4.42716781E-03  4.72210906E-05
    0.00000000000000     0.00000000000000     0.00000000000000      -4.21371378E-05  5.43285807E-06 -1.02365826E-04
    0.00000000000000     0.00000000000000     0.00000000000000      -2.95981889E-14  2.05423471E-04 -7.27818691E-06
    0.00000000000000     0.00000000000000     0.00000000000000      -2.66476066E-05 -1.91593061E-05 -3.50649999E-05
    0.00000000000000     0.00000000000000     0.00000000000000      -7.38982377E-15 -7.67315544E-05 -7.97247149E-07
    0.00000000000000     0.00000000000000     0.00000000000000      -4.28200859E-05  5.88600058E-06  2.53550291E-04
    0.00000000000000     0.00000000000000     0.00000000000000       8.94557614E-15  1.72242955E-05 -3.13528482E-06
    0.00000000000000     0.00000000000000     0.00000000000000      -8.49287858E-04  5.16852715E-04  3.18870485E-04
    0.00000000000000     0.00000000000000     0.00000000000000      -5.57444211E-04  7.40087109E-04  3.11799734E-05
    0.00000000000000     0.00000000000000     0.00000000000000       1.39939926E-13  7.42524517E-05  2.00298382E-04
    0.00000000000000     0.00000000000000     0.00000000000000       3.62508246E-05 -8.16047115E-05 -3.18674717E-05
    0.00000000000000     0.00000000000000     0.00000000000000      -1.26015942E-14  2.89749346E-05  7.38281768E-05
    0.00000000000000     0.00000000000000     0.00000000000000      -4.17196871E-05  3.78727299E-05  1.41432377E-05
    0.00000000000000     0.00000000000000     0.00000000000000       7.51039458E-14  7.33767564E-05 -5.02627165E-04
    0.00000000000000     0.00000000000000     0.00000000000000       5.77279077E-05 -6.24678425E-05 -8.32507608E-07
    0.00000000000000     0.00000000000000     0.00000000000000       5.81773600E-13  2.08823131E-03 -6.76231948E-04
    0.00000000000000     0.00000000000000     0.00000000000000       5.43346516E-14 -2.28672743E-04 -6.29572581E-05
    0.00000000000000     0.00000000000000     0.00000000000000       4.21371378E-05  5.43285803E-06 -1.02365827E-04
    0.00000000000000     0.00000000000000     0.00000000000000       7.02033258E-14 -1.50007445E-05  6.84729186E-05
    0.00000000000000     0.00000000000000     0.00000000000000       2.66476066E-05 -1.91593061E-05 -3.50649999E-05
    0.00000000000000     0.00000000000000     0.00000000000000       2.10026570E-15 -3.46490766E-05 -2.90864501E-05
    0.00000000000000     0.00000000000000     0.00000000000000       4.28200860E-05  5.88600053E-06  2.53550291E-04
    0.00000000000000     0.00000000000000     0.00000000000000      -4.92784564E-14  3.93881168E-05 -6.02700082E-06
    0.00000000000000     0.00000000000000     0.00000000000000       8.49287862E-04  5.16852717E-04  3.18870487E-04
    0.00000000000000     0.00000000000000     0.00000000000000       5.57444211E-04  7.40087109E-04  3.11799733E-05
   -0.00000000000000     0.00000000000000     0.00000000000000      -1.08552622E-13 -4.62060310E-05 -1.09140125E-06
    0.00000000000000     0.00000000000000     0.00000000000000      -3.62508247E-05 -8.16047115E-05 -3.18674717E-05
   -0.00000000000000     0.00000000000000     0.00000000000000      -3.41876584E-14  6.84226734E-05  1.59618866E-06
    0.00000000000000     0.00000000000000     0.00000000000000       4.17196871E-05  3.78727299E-05  1.41432377E-05
   -0.00000000000000     0.00000000000000     0.00000000000000      -1.08397047E-13 -4.59921741E-05  2.67163433E-06
    0.00000000000000     0.00000000000000     0.00000000000000      -5.77279076E-05 -6.24678425E-05 -8.32507616E-07
   -0.00000000000000     0.00000000000000     0.00000000000000      -3.69491188E-14 -6.67298501E-06 -8.28135305E-08
# Filename: xfset/XFSET.zno_mlff03, Snapshot: 1
    0.00000000000000    -0.01889726124994     0.00000000000000       4.54287472E-12  4.28630460E-03  4.64444464E-05
    0.00000000000000     0.00000000000000     0.00000000000000       4.07434216E-05 -2.19306232E-06  9.89779643E-05
    0.00000000000000     0.00000000000000     0.00000000000000       3.21262865E-14 -2.08917177E-04 -7.25296339E-06
    0.00000000000000     0.00000000000000     0.00000000000000       2.75552636E-05  1.84006348E-05  3.73811858E-05
    0.00000000000000     0.00000000000000     0.00000000000000       8.67331948E-15  7.61883575E-05 -7.94911017E-07
    0.00000000000000     0.00000000000000     0.00000000000000       4.00759086E-05 -1.73194857E-06 -2.48689110E-04
    0.00000000000000     0.00000000000000     0.00000000000000      -7.77876186E-15 -1.87135470E-05 -3.14695284E-06
    0.00000000000000     0.00000000000000     0.00000000000000       8.74611145E-04 -5.22476277E-04 -3.27352263E-04
    0.00000000000000     0.00000000000000     0.00000000000000       5.59450154E-04 -7.39121813E-04 -3.16102041E-05
    0.00000000000000     0.00000000000000     0.00000000000000      -1.41223422E-13 -7.68839285E-05 -2.02409375E-04
    0.00000000000000     0.00000000000000     0.00000000000000      -4.00004432E-05  8.22902605E-05  3.24210029E-05
    0.00000000000000     0.00000000000000     0.00000000000000       1.34961518E-14 -2.73982179E-05 -7.10301291E-05
    0.00000000000000     0.00000000000000     0.00000000000000       4.14991312E-05 -3.73481209E-05 -1.56652011E-05
    0.00000000000000     0.00000000000000     0.00000000000000      -7.56095653E-14 -7.77574081E-05  5.01804254E-04
    0.00000000000000     0.00000000000000     0.00000000000000      -5.95637581E-05  6.27284969E-05 -4.29221616E-06
    0.00000000000000     0.00000000000000     0.00000000000000      -5.61665500E-13 -1.93850088E-03  6.17077621E-04
    0.00000000000000     0.00000000000000     0.00000000000000      -4.85005802E-14  2.26581125E-04  6.26400254E-05
    0.00000000000000     0.00000000000000     0.00000000000000      -4.07434216E-05 -2.19306227E-06  9.89779644E-05
    0.00000000000000     0.00000000000000     0.00000000000000      -7.04755825E-14  1.68230734E-05 -6.01948540E-05
    0.00000000000000     0.00000000000000     0.00000000000000      -2.75552636E-05  1.84006348E-05  3.73811858E-05
    0.00000000000000     0.00000000000000     0.00000000000000      -1.78911523E-15  3.43053279E-05  3.05369628E-05
    0.00000000000000     0.00000000000000     0.00000000000000      -4.00759086E-05 -1.73194853E-06 -2.48689110E-04
    0.00000000000000     0.00000000000000     0.00000000000000       4.91228812E-14 -3.86033105E-05  9.17785806E-07
    0.00000000000000     0.00000000000000     0.00000000000000      -8.74611149E-04 -5.22476279E-04 -3.27352265E-04
    0.00000000000000     0.00000000000000     0.00000000000000      -5.59450154E-04 -7.39121813E-04 -3.16102040E-05
   -0.00000000000000     0.00000000000000     0.00000000000000       1.04274303E-13  4.22651344E-05 -1.09724677E-06
    0.00000000000000     0.00000000000000     0.00000000000000       4.00004432E-05  8.22902605E-05  3.24210028E-05
   -0.00000000000000     0.00000000000000     0.00000000000000       3.58989860E-14 -6.90215402E-05  1.54448568E-06
    0.00000000000000     0.00000000000000     0.00000000000000      -4.14991312E-05 -3.73481210E-05 -1.56652011E-05
   -0.00000000000000     0.00000000000000     0.00000000000000       1.04390984E-13  4.24689527E-05  2.68682411E-06
    0.00000000000000     0.00000000000000     0.00000000000000       5.95637581E-05  6.27284969E-05 -4.29221616E-06
   -0.00000000000000     0.00000000000000     0.00000000000000       3.68713312E-14  9.76310022E-06 -6.82886052E-08
# Filename: xfset/XFSET.zno_mlff04, Snapshot: 1
    0.00000000000000     0.00000000000000     0.01889726124993      -2.45322702E-12 -5.21293726E-13 -4.70329738E-03
    0.00000000000000     0.00000000000000     0.00000000000000       4.36350446E-04 -2.51927048E-04  3.01910033E-04
    0.00000000000000     0.00000000000000     0.00000000000000      -2.31729316E-13  2.02558959E-13  2.47505726E-03
    0.00000000000000     0.00000000000000     0.00000000000000      -6.24582848E-05  3.60603074E-05 -2.85873870E-04
    0.00000000000000     0.00000000000000     0.00000000000000       3.75325260E-14  8.67331948E-15  4.39501937E-04
    0.00000000000000     0.00000000000000     0.00000000000000      -1.73318522E-04  1.00065495E-04  3.00614036E-04
    0.00000000000000     0.00000000000000     0.00000000000000       4.48056683E-14 -7.90322205E-14 -1.89044299E-04
    0.00000000000000     0.00000000000000     0.00000000000000      -5.55626303E-04  3.20790996E-04  4.99718758E-04
    0.00000000000000     0.00000000000000     0.00000000000000       5.35592283E-05  3.09224350E-05 -3.88058778E-04
    0.00000000000000     0.00000000000000     0.00000000000000       1.65337583E-13  5.03854095E-04  3.01910033E-04
    0.00000000000000     0.00000000000000     0.00000000000000       1.48867759E-05  8.59488406E-06  1.90472762E-04
    0.00000000000000     0.00000000000000     0.00000000000000      -5.82240325E-14 -7.21206150E-05 -2.85873870E-04
    0.00000000000000     0.00000000000000     0.00000000000000       2.57693376E-05  1.48779340E-05  1.36394049E-04
    0.00000000000000     0.00000000000000     0.00000000000000      -3.63268179E-14 -2.00130991E-04  3.00614036E-04
    0.00000000000000     0.00000000000000     0.00000000000000      -6.29154017E-05 -3.63242241E-05 -1.89892707E-04
    0.00000000000000     0.00000000000000     0.00000000000000      -2.59149451E-13 -6.41581992E-04  4.99718758E-04
    0.00000000000000     0.00000000000000     0.00000000000000      -5.98575725E-14 -6.18448699E-05 -3.88058778E-04
    0.00000000000000     0.00000000000000     0.00000000000000      -4.36350446E-04 -2.51927048E-04  3.01910033E-04
    0.00000000000000     0.00000000000000     0.00000000000000       1.31461075E-14 -1.71897682E-05  1.90472762E-04
    0.00000000000000     0.00000000000000     0.00000000000000       6.24582847E-05  3.60603074E-05 -2.85873870E-04
    0.00000000000000     0.00000000000000     0.00000000000000       3.24374370E-14 -2.97558680E-05  1.36394049E-04
    0.00000000000000     0.00000000000000     0.00000000000000       1.73318522E-04  1.00065495E-04  3.00614036E-04
    0.00000000000000     0.00000000000000     0.00000000000000      -2.53976575E-14  7.26484482E-05 -1.89892707E-04
    0.00000000000000     0.00000000000000     0.00000000000000       5.55626306E-04  3.20790998E-04  4.99718759E-04
    0.00000000000000     0.00000000000000     0.00000000000000      -5.35592283E-05  3.09224349E-05 -3.88058778E-04
   -0.00000000000000     0.00000000000000     0.00000000000000       2.34529670E-14  3.24257688E-13  1.06119069E-04
    0.00000000000000     0.00000000000000     0.00000000000000      -1.48867760E-05  8.59488410E-06  1.90472762E-04
   -0.00000000000000     0.00000000000000     0.00000000000000       8.64998319E-14  3.97883669E-14  7.85307100E-06
    0.00000000000000     0.00000000000000     0.00000000000000      -2.57693376E-05  1.48779340E-05  1.36394049E-04
   -0.00000000000000     0.00000000000000     0.00000000000000      -1.18470543E-13 -1.25938155E-13  1.09821273E-04
    0.00000000000000     0.00000000000000     0.00000000000000       6.29154017E-05 -3.63242241E-05 -1.89892707E-04
   -0.00000000000000     0.00000000000000     0.00000000000000       9.99570899E-14 -1.07035763E-13  5.81362131E-05
# Filename: xfset/XFSET.zno_mlff05, Snapshot: 1
    0.00000000000000     0.00000000000000    -0.01889726124994       2.46108357E-12  5.15265186E-13  4.52210447E-03
    0.00000000000000     0.00000000000000     0.00000000000000      -4.33511818E-04  2.50288165E-04 -3.00702719E-04
    0.00000000000000     0.00000000000000     0.00000000000000       2.38457945E-13 -1.99369667E-13 -2.30222959E-03
    0.00000000000000     0.00000000000000     0.00000000000000       6.62454478E-05 -3.82468270E-05  2.89024588E-04
    0.00000000000000     0.00000000000000     0.00000000000000      -3.90493845E-14 -1.13958861E-14 -4.39951059E-04
    0.00000000000000     0.00000000000000     0.00000000000000       1.75564480E-04 -1.01362200E-04 -3.01878307E-04
    0.00000000000000     0.00000000000000     0.00000000000000      -4.76060226E-14  7.85654948E-14  1.83816505E-04
    0.00000000000000     0.00000000000000     0.00000000000000       5.55388430E-04 -3.20653660E-04 -4.98044055E-04
    0.00000000000000     0.00000000000000     0.00000000000000      -5.53019082E-05 -3.19285717E-05  3.87466703E-04
    0.00000000000000     0.00000000000000     0.00000000000000      -1.65143114E-13 -5.00576330E-04 -3.00702719E-04
    0.00000000000000     0.00000000000000     0.00000000000000      -1.64579453E-05 -9.50199913E-06 -1.88721535E-04
    0.00000000000000     0.00000000000000     0.00000000000000       5.88852273E-14  7.64936542E-05  2.89024588E-04
    0.00000000000000     0.00000000000000     0.00000000000000      -2.58688899E-05 -1.49354105E-05 -1.35140320E-04
    0.00000000000000     0.00000000000000     0.00000000000000       3.90104907E-14  2.02724400E-04 -3.01878307E-04
    0.00000000000000     0.00000000000000     0.00000000000000       6.53824428E-05  3.77485709E-05  1.84898266E-04
    0.00000000000000     0.00000000000000     0.00000000000000       2.58293788E-13  6.41307320E-04 -4.98044055E-04
    0.00000000000000     0.00000000000000     0.00000000000000       6.33191216E-14  6.38571433E-05  3.87466703E-04
    0.00000000000000     0.00000000000000     0.00000000000000       4.33511818E-04  2.50288165E-04 -3.00702719E-04
    0.00000000000000     0.00000000000000     0.00000000000000      -9.91792137E-15  1.90039983E-05 -1.88721535E-04
    0.00000000000000     0.00000000000000     0.00000000000000      -6.62454477E-05 -3.82468270E-05  2.89024588E-04
    0.00000000000000     0.00000000000000     0.00000000000000      -3.10761536E-14  2.98708211E-05 -1.35140319E-04
    0.00000000000000     0.00000000000000     0.00000000000000      -1.75564480E-04 -1.01362200E-04 -3.01878307E-04
    0.00000000000000     0.00000000000000     0.00000000000000       2.56310203E-14 -7.54971419E-05  1.84898266E-04
    0.00000000000000     0.00000000000000     0.00000000000000      -5.55388433E-04 -3.20653662E-04 -4.98044056E-04
    0.00000000000000     0.00000000000000     0.00000000000000       5.53019082E-05 -3.19285716E-05  3.87466703E-04
   -0.00000000000000     0.00000000000000     0.00000000000000      -2.38030113E-14 -3.26669104E-13 -1.08377737E-04
    0.00000000000000     0.00000000000000     0.00000000000000       1.64579454E-05 -9.50199917E-06 -1.88721535E-04
   -0.00000000000000     0.00000000000000     0.00000000000000      -8.38939467E-14 -4.29387655E-14 -2.83498667E-06
    0.00000000000000     0.00000000000000     0.00000000000000       2.58688899E-05 -1.49354106E-05 -1.35140320E-04
   -0.00000000000000     0.00000000000000     0.00000000000000       1.17070366E-13  1.30255367E-13 -1.04880538E-04
    0.00000000000000     0.00000000000000     0.00000000000000      -6.53824428E-05  3.77485710E-05  1.84898266E-04
   -0.00000000000000     0.00000000000000     0.00000000000000      -9.89458509E-14  1.07269126E-13 -5.83549322E-05
# Filename: xfset/XFSET.zno_mlff06, Snapshot: 1
    0.00000000000000     0.00000000000000     0.00000000000000       2.07153162E-04  1.24542530E-07  9.08340866E-06
    0.00000000000000     0.00000000000000     0.00000000000000       1.56012968E-03 -8.94571691E-04  5.77046579E-04
    0.01889726124994     0.00000000000000     0.00000000000000      -4.85495124E-03  7.47905641E-05 -4.98649546E-05
    0.00000000000000     0.00000000000000     0.00000000000000       1.20477295E-04 -6.86714096E-05  2.94747927E-04
    0.00000000000000     0.00000000000000     0.00000000000000       1.80090950E-05 -3.28506957E-07 -4.69725467E-07
    0.00000000000000     0.00000000000000     0.00000000000000       1.36439427E-05 -2.74736216E-05  6.33195644E-05
    0.00000000000000     0.00000000000000     0.00000000000000      -2.91930594E-05  2.94575344E-07  5.52930234E-07
    0.00000000000000     0.00000000000000     0.00000000000000       1.20920502E-04 -6.84405903E-05 -1.51169607E-04
    0.00000000000000     0.00000000000000     0.00000000000000      -3.74208055E-05  3.83973061E-05  1.67021276E-05
    0.00000000000000     0.00000000000000     0.00000000000000       2.21147031E-05 -7.99018738E-06 -3.88472845E-06
    0.00000000000000     0.00000000000000     0.00000000000000       2.04294909E-04 -4.48508337E-04  1.96802951E-05
    0.00000000000000     0.00000000000000     0.00000000000000       2.28662169E-06  1.06134877E-07 -1.22232214E-07
    0.00000000000000     0.00000000000000     0.00000000000000       3.96542767E-06  5.82706623E-05 -6.43159638E-05
    0.00000000000000     0.00000000000000     0.00000000000000      -3.44261755E-05  9.08295713E-07 -8.26486809E-07
    0.00000000000000     0.00000000000000     0.00000000000000      -3.81321102E-06 -5.74589269E-06  2.78634216E-05
    0.00000000000000     0.00000000000000     0.00000000000000       2.29018213E-06 -5.14785540E-08 -1.55691623E-06
    0.00000000000000     0.00000000000000     0.00000000000000      -1.03954151E-04 -6.04672191E-07  2.88595148E-06
    0.00000000000000     0.00000000000000     0.00000000000000       1.47056559E-03  8.30072524E-04 -5.34631978E-04
    0.00000000000000     0.00000000000000     0.00000000000000       9.80092275E-04  1.41185933E-06 -2.42484636E-06
    0.00000000000000     0.00000000000000     0.00000000000000       1.19929653E-04  6.74971709E-05 -2.88978110E-04
    0.00000000000000     0.00000000000000     0.00000000000000      -9.64852059E-05  9.68956469E-07  7.53856976E-07
    0.00000000000000     0.00000000000000     0.00000000000000       1.13979452E-05  2.67492201E-05 -6.54484060E-05
    0.00000000000000     0.00000000000000     0.00000000000000       5.60737035E-06  1.05419370E-06  1.09288553E-07
    0.00000000000000     0.00000000000000     0.00000000000000       1.19486347E-04  6.77294385E-05  1.47285386E-04
    0.00000000000000     0.00000000000000     0.00000000000000      -3.84424906E-05 -3.78666109E-05 -1.46393029E-05
   -0.00000000000000     0.00000000000000     0.00000000000000      -8.18423770E-06 -7.83655130E-08  1.06453919E-06
    0.00000000000000     0.00000000000000     0.00000000000000       2.05191891E-04  4.46755325E-04 -2.12707902E-05
   -0.00000000000000     0.00000000000000     0.00000000000000      -2.65753238E-05  2.92839497E-08  3.81697215E-06
    0.00000000000000     0.00000000000000     0.00000000000000       6.25803720E-06 -5.90448728E-05  6.39774619E-05
   -0.00000000000000     0.00000000000000     0.00000000000000       6.87225458E-05  1.62306767E-07  1.89965039E-06
    0.00000000000000     0.00000000000000     0.00000000000000      -2.50509506E-06  4.37611132E-06 -2.64865035E-05
   -0.00000000000000     0.00000000000000     0.00000000000000      -2.65861887E-05 -3.22235086E-07 -4.69880775E-06
# Filename: xfset/XFSET.zno_mlff07, Snapshot: 1
    0.00000000000000     0.00000000000000     0.00000000000000      -2.98704456E-14  2.07028538E-04  9.09177038E-06
    0.00000000000000     0.00000000000000     0.00000000000000      -8.47983602E-04  5.17973142E-04 -3.16276914E-04
    0.00000000000000     0.01889726124994     0.00000000000000      -4.72481996E-12 -4.92974585E-03 -5.03146300E-05
    0.00000000000000     0.00000000000000     0.00000000000000      -6.76773054E-05  4.17863537E-05 -1.67621873E-04
    0.00000000000000     0.00000000000000     0.00000000000000       7.19535472E-15  1.83375927E-05 -4.58553806E-07
    0.00000000000000     0.00000000000000     0.00000000000000      -2.63715205E-05 -1.94905176E-05 -3.80812006E-05
    0.00000000000000     0.00000000000000     0.00000000000000      -1.52074794E-14 -2.94876434E-05  5.33565971E-07
    0.00000000000000     0.00000000000000     0.00000000000000      -6.78960780E-05  4.14270945E-05  8.44646163E-05
    0.00000000000000     0.00000000000000     0.00000000000000       3.86318413E-05 -8.16281865E-05  1.13097485E-05
    0.00000000000000     0.00000000000000     0.00000000000000       4.69953898E-13  2.08935558E-03  6.71560292E-04
    0.00000000000000     0.00000000000000     0.00000000000000      -4.48978888E-04  7.21482930E-04  9.93363909E-06
    0.00000000000000     0.00000000000000     0.00000000000000      -5.04452707E-14  1.60189196E-04  3.40906564E-04
    0.00000000000000     0.00000000000000     0.00000000000000       5.78788839E-05 -6.33440679E-05 -3.65865134E-05
    0.00000000000000     0.00000000000000     0.00000000000000      -3.68324374E-14  2.94127868E-05  7.31972897E-05
    0.00000000000000     0.00000000000000     0.00000000000000      -6.06612943E-06  2.41219290E-06  1.59894905E-05
    0.00000000000000     0.00000000000000     0.00000000000000       1.32238952E-14  1.60605666E-04 -1.74390521E-04
    0.00000000000000     0.00000000000000     0.00000000000000       8.55663805E-16 -1.64866483E-05 -1.76870375E-05
    0.00000000000000     0.00000000000000     0.00000000000000       8.47983607E-04  5.17973144E-04 -3.16276916E-04
    0.00000000000000     0.00000000000000     0.00000000000000      -2.53198699E-14 -5.30447305E-05 -2.39017882E-05
    0.00000000000000     0.00000000000000     0.00000000000000       6.76773056E-05  4.17863537E-05 -1.67621874E-04
    0.00000000000000     0.00000000000000     0.00000000000000      -5.50736340E-14  4.02314467E-05  7.35955302E-05
    0.00000000000000     0.00000000000000     0.00000000000000       2.63715206E-05 -1.94905176E-05 -3.80812006E-05
    0.00000000000000     0.00000000000000     0.00000000000000      -3.60934550E-14 -5.21965863E-06 -3.04996658E-05
    0.00000000000000     0.00000000000000     0.00000000000000       6.78960781E-05  4.14270945E-05  8.44646164E-05
    0.00000000000000     0.00000000000000     0.00000000000000      -3.86318413E-05 -8.16281865E-05  1.13097486E-05
   -0.00000000000000     0.00000000000000     0.00000000000000      -3.85048712E-14 -8.10569384E-06  1.06757861E-06
    0.00000000000000     0.00000000000000     0.00000000000000       4.48978889E-04  7.21482930E-04  9.93363923E-06
   -0.00000000000000     0.00000000000000     0.00000000000000       6.49526615E-15 -2.66047045E-05  3.83583272E-06
    0.00000000000000     0.00000000000000     0.00000000000000      -5.78788839E-05 -6.33440679E-05 -3.65865134E-05
   -0.00000000000000     0.00000000000000     0.00000000000000      -3.40320831E-14  6.85603226E-05  1.90566656E-06
    0.00000000000000     0.00000000000000     0.00000000000000       6.06612948E-06  2.41219292E-06  1.59894906E-05
   -0.00000000000000     0.00000000000000     0.00000000000000       7.19535472E-15 -2.62640883E-05 -4.70387865E-06
# Filename: xfset/XFSET.zno_mlff08, Snapshot: 1
    0.00000000000000     0.00000000000000     0.00000000000000       3.20096051E-14 -2.07277780E-04  9.07504716E-06
    0.00000000000000     0.00000000000000     0.00000000000000       8.75990704E-04 -5.21358145E-04  3.25233290E-04
    0.00000000000000    -0.01889726124994     0.00000000000000       4.77993248E-12  4.78015678E-03 -4.94152848E-05
    0.00000000000000     0.00000000000000     0.00000000000000       6.84777745E-05 -4.13903326E-05  1.69382352E-04
    0.00000000000000     0.00000000000000     0.00000000000000      -9.64566471E-15 -1.76805965E-05 -4.80897267E-07
    0.00000000000000     0.00000000000000     0.00000000000000       2.78385367E-05  1.80711345E-05  3.62695440E-05
    0.00000000000000     0.00000000000000     0.00000000000000       1.73077451E-14  2.88984749E-05  5.72294403E-07
    0.00000000000000     0.00000000000000     0.00000000000000       6.82471225E-05 -4.17466125E-05 -8.78350197E-05
    0.00000000000000     0.00000000000000     0.00000000000000      -3.76274335E-05  8.22677916E-05 -6.77435657E-06
    0.00000000000000     0.00000000000000     0.00000000000000      -4.56535534E-13 -1.93760196E-03 -6.12413294E-04
    0.00000000000000     0.00000000000000     0.00000000000000       4.46336276E-04 -7.21772627E-04 -1.36967019E-05
    0.00000000000000     0.00000000000000     0.00000000000000       4.58946950E-14 -1.58844574E-04 -3.33132353E-04
    0.00000000000000     0.00000000000000     0.00000000000000      -5.94446617E-05  6.18904232E-05  3.74789630E-05
    0.00000000000000     0.00000000000000     0.00000000000000       3.79214641E-14 -2.69419415E-05 -7.54846336E-05
    0.00000000000000     0.00000000000000     0.00000000000000       4.05798590E-06 -2.95697962E-06 -1.53848602E-05
    0.00000000000000     0.00000000000000     0.00000000000000      -1.60631432E-14 -1.58440986E-04  1.70249053E-04
    0.00000000000000     0.00000000000000     0.00000000000000       1.94469047E-15  1.53562884E-05  1.85138058E-05
    0.00000000000000     0.00000000000000     0.00000000000000      -8.75990709E-04 -5.21358147E-04  3.25233292E-04
    0.00000000000000     0.00000000000000     0.00000000000000       3.28263751E-14  5.43082434E-05  2.33972306E-05
    0.00000000000000     0.00000000000000     0.00000000000000      -6.84777747E-05 -4.13903326E-05  1.69382352E-04
    0.00000000000000     0.00000000000000     0.00000000000000       5.93130592E-14 -3.77140577E-05 -7.45497192E-05
    0.00000000000000     0.00000000000000     0.00000000000000      -2.78385367E-05  1.80711345E-05  3.62695440E-05
    0.00000000000000     0.00000000000000     0.00000000000000       3.72991631E-14  6.94055768E-06  3.22628185E-05
    0.00000000000000     0.00000000000000     0.00000000000000      -6.82471225E-05 -4.17466125E-05 -8.78350198E-05
    0.00000000000000     0.00000000000000     0.00000000000000       3.76274335E-05  8.22677917E-05 -6.77435661E-06
   -0.00000000000000     0.00000000000000     0.00000000000000       3.54322603E-14  8.26278091E-06  1.06150004E-06
    0.00000000000000     0.00000000000000     0.00000000000000      -4.46336276E-04 -7.21772627E-04 -1.36967020E-05
   -0.00000000000000     0.00000000000000     0.00000000000000      -4.20053141E-15  2.65459436E-05  3.79811185E-06
    0.00000000000000     0.00000000000000     0.00000000000000       5.94446617E-05  6.18904233E-05  3.74789631E-05
   -0.00000000000000     0.00000000000000     0.00000000000000       3.60156674E-14 -6.88847685E-05  1.89363432E-06
    0.00000000000000     0.00000000000000     0.00000000000000      -4.05798595E-06 -2.95697963E-06 -1.53848602E-05
   -0.00000000000000     0.00000000000000     0.00000000000000      -3.57823046E-15  2.69082893E-05 -4.69373694E-06
# Filename: xfset/XFSET.zno_mlff09, Snapshot: 1
    0.00000000000000     0.00000000000000     0.00000000000000       4.64392083E-14 -1.43090324E-13  2.29781257E-03
    0.00000000000000     0.00000000000000     0.00000000000000       5.62079949E-04 -3.24517010E-04  4.95476976E-04
    0.00000000000000     0.00000000000000     0.01889726124994       2.53805442E-12  5.52525455E-13 -4.86451218E-03
    0.00000000000000     0.00000000000000     0.00000000000000       1.52129632E-04 -8.78320843E-05  3.33718891E-04
    0.00000000000000     0.00000000000000     0.00000000000000       5.25455364E-14 -1.16136915E-13 -1.86515802E-04
    0.00000000000000     0.00000000000000     0.00000000000000      -6.30086182E-05  3.63780426E-05 -2.86146423E-04
    0.00000000000000     0.00000000000000     0.00000000000000       5.26233240E-14 -2.25584094E-15  1.66153844E-04
    0.00000000000000     0.00000000000000     0.00000000000000      -2.87675365E-04  1.66089449E-04  3.26100263E-04
    0.00000000000000     0.00000000000000     0.00000000000000      -5.53317077E-05 -3.19457763E-05  1.90113856E-04
    0.00000000000000     0.00000000000000     0.00000000000000       2.73190117E-13  6.49034021E-04  4.95476976E-04
    0.00000000000000     0.00000000000000     0.00000000000000       1.97064830E-05  1.13775432E-05 -1.83091505E-04
    0.00000000000000     0.00000000000000     0.00000000000000      -5.20010230E-14  1.75664169E-04  3.33718891E-04
    0.00000000000000     0.00000000000000     0.00000000000000       2.19043505E-06  1.26464823E-06 -1.88163724E-04
    0.00000000000000     0.00000000000000     0.00000000000000      -3.15428794E-14 -7.27560853E-05 -2.86146423E-04
    0.00000000000000     0.00000000000000     0.00000000000000       2.74429850E-05  1.58442148E-05  1.54921912E-04
    0.00000000000000     0.00000000000000     0.00000000000000      -3.22429679E-14 -3.32178899E-04  3.26100263E-04
    0.00000000000000     0.00000000000000     0.00000000000000      -6.08299178E-14  6.38915525E-05  1.90113856E-04
    0.00000000000000     0.00000000000000     0.00000000000000      -5.62079952E-04 -3.24517012E-04  4.95476976E-04
    0.00000000000000     0.00000000000000     0.00000000000000       1.30605412E-13 -2.27550864E-05 -1.83091505E-04
    0.00000000000000     0.00000000000000     0.00000000000000      -1.52129633E-04 -8.78320844E-05  3.33718891E-04
    0.00000000000000     0.00000000000000     0.00000000000000       7.15257153E-14 -2.52929649E-06 -1.88163724E-04
    0.00000000000000     0.00000000000000     0.00000000000000       6.30086182E-05  3.63780427E-05 -2.86146423E-04
    0.00000000000000     0.00000000000000     0.00000000000000      -1.28349571E-15 -3.16884295E-05  1.54921912E-04
    0.00000000000000     0.00000000000000     0.00000000000000       2.87675365E-04  1.66089449E-04  3.26100264E-04
    0.00000000000000     0.00000000000000     0.00000000000000       5.53317075E-05 -3.19457762E-05  1.90113856E-04
   -0.00000000000000     0.00000000000000     0.00000000000000      -1.10536206E-13  5.32456249E-14  5.96793978E-05
    0.00000000000000     0.00000000000000     0.00000000000000      -1.97064830E-05  1.13775433E-05 -1.83091505E-04
   -0.00000000000000     0.00000000000000     0.00000000000000      -1.01162798E-13  5.32456249E-14 -1.96492897E-06
    0.00000000000000     0.00000000000000     0.00000000000000      -2.19043490E-06  1.26464823E-06 -1.88163724E-04
   -0.00000000000000     0.00000000000000     0.00000000000000       9.79735057E-14  8.28827076E-14  5.70724194E-06
    0.00000000000000     0.00000000000000     0.00000000000000      -2.74429851E-05  1.58442148E-05  1.54921912E-04
   -0.00000000000000     0.00000000000000     0.00000000000000       1.76850151E-13 -7.64652291E-14 -5.15088958E-06
# Filename: xfset/XFSET.zno_mlff10, Snapshot: 1
    0.00000000000000     0.00000000000000     0.00000000000000      -3.25930122E-14  1.38461961E-13 -2.47974844E-03
    0.00000000000000     0.00000000000000     0.00000000000000      -5.57114186E-04  3.21650026E-04 -5.02282112E-04
    0.00000000000000     0.00000000000000    -0.01889726124994      -2.54431632E-12 -5.39145985E-13  5.06073721E-03
    0.00000000000000     0.00000000000000     0.00000000000000      -1.46411751E-04  8.45308637E-05 -3.27369167E-04
    0.00000000000000     0.00000000000000     0.00000000000000      -5.16509788E-14  1.13531029E-13  1.86295823E-04
    0.00000000000000     0.00000000000000     0.00000000000000       6.24321665E-05 -3.60452281E-05  2.88771069E-04
    0.00000000000000     0.00000000000000     0.00000000000000      -4.64392083E-14  8.94557614E-16 -1.66623942E-04
    0.00000000000000     0.00000000000000     0.00000000000000       2.95998761E-04 -1.70894964E-04 -3.35154448E-04
    0.00000000000000     0.00000000000000     0.00000000000000       5.60754715E-05  3.23751885E-05 -1.88929640E-04
    0.00000000000000     0.00000000000000     0.00000000000000      -2.66928213E-13 -6.43300052E-04 -5.02282113E-04
    0.00000000000000     0.00000000000000     0.00000000000000      -2.13394413E-05 -1.23203321E-05  1.83590850E-04
    0.00000000000000     0.00000000000000     0.00000000000000       4.90839873E-14 -1.69061728E-04 -3.27369168E-04
    0.00000000000000     0.00000000000000     0.00000000000000      -3.80969321E-06 -2.19952737E-06  1.86639549E-04
    0.00000000000000     0.00000000000000     0.00000000000000       3.48488531E-14  7.20904562E-05  2.88771069E-04
    0.00000000000000     0.00000000000000     0.00000000000000      -2.69720632E-05 -1.55723279E-05 -1.55839188E-04
    0.00000000000000     0.00000000000000     0.00000000000000       3.11539413E-14  3.41789928E-04 -3.35154449E-04
    0.00000000000000     0.00000000000000     0.00000000000000       6.36691658E-14 -6.47503770E-05 -1.88929640E-04
    0.00000000000000     0.00000000000000     0.00000000000000       5.57114189E-04  3.21650027E-04 -5.02282113E-04
    0.00000000000000     0.00000000000000     0.00000000000000      -1.27999526E-13  2.46406643E-05  1.83590850E-04
    0.00000000000000     0.00000000000000     0.00000000000000       1.46411751E-04  8.45308638E-05 -3.27369168E-04
    0.00000000000000     0.00000000000000     0.00000000000000      -6.83364230E-14  4.39905476E-06  1.86639549E-04
    0.00000000000000     0.00000000000000     0.00000000000000      -6.24321664E-05 -3.60452281E-05  2.88771069E-04
    0.00000000000000     0.00000000000000     0.00000000000000       1.05013285E-15  3.11446559E-05 -1.55839188E-04
    0.00000000000000     0.00000000000000     0.00000000000000      -2.95998761E-04 -1.70894964E-04 -3.35154449E-04
    0.00000000000000     0.00000000000000     0.00000000000000      -5.60754713E-05  3.23751884E-05 -1.88929640E-04
   -0.00000000000000     0.00000000000000     0.00000000000000       1.07735852E-13 -5.09119964E-14 -5.70637332E-05
    0.00000000000000     0.00000000000000     0.00000000000000       2.13394413E-05 -1.23203322E-05  1.83590850E-04
   -0.00000000000000     0.00000000000000     0.00000000000000       1.06802400E-13 -5.60070854E-14  8.18818810E-06
    0.00000000000000     0.00000000000000     0.00000000000000       3.80969306E-06 -2.19952736E-06  1.86639549E-04
   -0.00000000000000     0.00000000000000     0.00000000000000      -9.57954523E-14 -8.32716457E-14 -4.61506145E-06
    0.00000000000000     0.00000000000000     0.00000000000000       2.69720633E-05 -1.55723280E-05 -1.55839188E-04
   -0.00000000000000     0.00000000000000     0.00000000000000      -1.70627141E-13  7.31981491E-14  4.54922713E-06
