# Filename: xfset/XFSET.zno_mlff01, Snapshot: 1
    0.01889726124994     0.00000000000000     0.00000000000000      -3.99346878E-03  7.12932530E-05  9.73144735E-05
   -0.00000000000000     0.00000000000000     0.00000000000000       2.68764018E-05  6.19498681E-06  2.19618609E-04
    0.00000000000000     0.00000000000000    -0.00000000000000       1.41496590E-04  1.90933138E-06 -5.68566038E-05
   -0.00000000000000     0.00000000000000     0.00000000000000       2.93815330E-05 -3.78821373E-05 -3.95615789E-05
    0.00000000000000     0.00000000000000     0.00000000000000       1.50089486E-05 -2.25040783E-08  4.63403132E-05
   -0.00000000000000     0.00000000000000    -0.00000000000000       2.79483460E-05  5.64496079E-06 -3.95875490E-04
    0.00000000000000     0.00000000000000     0.00000000000000       1.87620260E-05  7.98438991E-07 -5.00536195E-05
   -0.00000000000000     0.00000000000000     0.00000000000000       1.59116140E-03 -9.22491839E-04 -5.59536318E-04
    0.00000000000000     0.00000000000000     0.00000000000000       5.51710672E-05 -4.95525560E-04  4.53389253E-05
    0.00000000000000    -0.00000000000000     0.00000000000000       3.77803799E-05 -1.77777850E-06  4.85292366E-05
    0.00000000000000     0.00000000000000    -0.00000000000000      -8.14991634E-05 -1.36495232E-05 -1.26977720E-04
    0.00000000000000    -0.00000000000000     0.00000000000000      -3.56255056E-05  7.75388732E-07 -4.74627815E-05
    0.00000000000000     0.00000000000000     0.00000000000000      -3.48621991E-05  1.43349045E-05  1.49065296E-05
    0.00000000000000    -0.00000000000000    -0.00000000000000       3.77598484E-05 -1.02986832E-06  5.05350861E-05
    0.00000000000000     0.00000000000000     0.00000000000000       7.22306613E-06  5.36520670E-05 -5.70555437E-05
    0.00000000000000    -0.00000000000000     0.00000000000000       2.32019096E-06 -9.24097870E-06 -4.20046787E-05
    0.00000000000000    -0.00000000000000     0.00000000000000       9.12616423E-04 -9.20470557E-07  4.71633759E-05
    0.00000000000000    -0.00000000000000     0.00000000000000       3.06082697E-05 -4.22798281E-06 -1.25311104E-04
    0.00000000000000    -0.00000000000000    -0.00000000000000      -6.01892100E-05  1.84642010E-06 -4.87903342E-05
    0.00000000000000    -0.00000000000000     0.00000000000000       2.79843985E-05  3.63919178E-05 -5.82706138E-05
    0.00000000000000    -0.00000000000000     0.00000000000000      -5.97232994E-05  2.80564471E-07  4.61543761E-05
    0.00000000000000    -0.00000000000000    -0.00000000000000       2.95345597E-05 -4.75101210E-06  4.92080146E-04
    0.00000000000000    -0.00000000000000     0.00000000000000      -8.68709312E-05  6.77221768E-07 -5.09835671E-05
    0.00000000000000    -0.00000000000000     0.00000000000000       1.50024908E-03  8.60065162E-04  4.21464545E-04
   -0.00000000000000     0.00000000000000     0.00000000000000       5.19480559E-05  4.96362612E-04  5.02314826E-05
   -0.00000000000000    -0.00000000000000     0.00000000000000      -8.53572097E-05  1.16782835E-06  5.11709050E-05
   -0.00000000000000     0.00000000000000    -0.00000000000000      -8.04275536E-05  1.03143189E-05  3.40604592E-05
   -0.00000000000000    -0.00000000000000     0.00000000000000       5.05766926E-05  5.24899512E-07 -4.68237174E-05
   -0.00000000000000     0.00000000000000     0.00000000000000      -3.43922296E-05 -1.46524808E-05  7.89999022E-05
   -0.00000000000000    -0.00000000000000    -0.00000000000000      -8.53453127E-05  6.86110590E-07  4.65350936E-05
   -0.00000000000000     0.00000000000000     0.00000000000000       7.23850450E-06 -5.50161406E-05 -3.90875297E-05
   -0.00000000000000    -0.00000000000000     0.00000000000000       3.61156160E-05 -1.73210971E-06 -4.57922584E-05
# Filename: xfset/XFSET.zno_mlff02, Snapshot: 1
    0.00000000000000     0.01889726124994     0.00000000000000       9.83973704E-11 -4.06476552E-03  9.76845390E-05
   -0.00000000000000     0.00000000000000     0.00000000000000       3.62106689E-06  3.57797933E-05 -5.15047499E-05
    0.00000000000000     0.00000000000000    -0.00000000000000       1.12657630E-10  1.39587187E-04 -5.68902577E-05
   -0.00000000000000     0.00000000000000     0.00000000000000      -3.62497817E-05 -1.43597757E-05 -5.33416397E-05
    0.00000000000000     0.00000000000000     0.00000000000000       1.02986607E-10  1.50313460E-05  4.63373383E-05
   -0.00000000000000     0.00000000000000    -0.00000000000000       4.35024804E-06  3.52540642E-05  3.06079558E-04
    0.00000000000000     0.00000000000000     0.00000000000000       1.12748097E-10  1.79634745E-05 -5.00680093E-05
   -0.00000000000000     0.00000000000000     0.00000000000000      -8.78302625E-04  5.14257153E-04  2.32044932E-04
    0.00000000000000     0.00000000000000     0.00000000000000      -4.95172522E-04  6.27221674E-04  4.59459848E-05
    0.00000000000000    -0.00000000000000     0.00000000000000      -1.02903218E-10  2.35167765E-05  2.45838027E-04
    0.00000000000000     0.00000000000000    -0.00000000000000      -1.40279511E-05 -6.69371165E-05 -9.44918502E-05
    0.00000000000000    -0.00000000000000     0.00000000000000      -1.12755526E-10  5.11750708E-05 -3.85923408E-05
    0.00000000000000     0.00000000000000     0.00000000000000       1.42416351E-05 -5.14805373E-05  2.79132518E-05
    0.00000000000000    -0.00000000000000    -0.00000000000000      -1.02949035E-10  2.48709849E-05 -4.65345340E-04
    0.00000000000000     0.00000000000000     0.00000000000000       5.35469727E-05 -5.52808811E-05 -5.52008296E-05
    0.00000000000000    -0.00000000000000     0.00000000000000      -1.12075467E-10  2.13688640E-03 -6.44561275E-04
    0.00000000000000    -0.00000000000000     0.00000000000000       1.03063927E-10 -2.34624170E-04  5.08049881E-05
    0.00000000000000    -0.00000000000000     0.00000000000000      -3.62127278E-06  3.57797933E-05 -5.15047498E-05
    0.00000000000000    -0.00000000000000    -0.00000000000000       1.12844126E-10 -8.67531289E-05  4.73031331E-05
    0.00000000000000    -0.00000000000000     0.00000000000000       3.62495563E-05 -1.43597757E-05 -5.33416397E-05
    0.00000000000000    -0.00000000000000     0.00000000000000       1.02925115E-10 -2.59800550E-05  8.42184133E-05
    0.00000000000000    -0.00000000000000    -0.00000000000000      -4.35045389E-06  3.52540642E-05  3.06079559E-04
    0.00000000000000    -0.00000000000000     0.00000000000000       1.12708036E-10  3.88388839E-05 -3.67280561E-05
    0.00000000000000    -0.00000000000000     0.00000000000000       8.78302404E-04  5.14257156E-04  2.32044934E-04
   -0.00000000000000     0.00000000000000     0.00000000000000       4.95172727E-04  6.27221674E-04  4.59459848E-05
   -0.00000000000000    -0.00000000000000     0.00000000000000      -1.03045803E-10 -8.65249639E-05  5.11979379E-05
   -0.00000000000000     0.00000000000000    -0.00000000000000       1.40281765E-05 -6.69371165E-05 -9.44918501E-05
   -0.00000000000000    -0.00000000000000     0.00000000000000      -1.12780457E-10  5.00518902E-05 -4.68308340E-05
   -0.00000000000000     0.00000000000000     0.00000000000000      -1.42414292E-05 -5.14805373E-05  2.79132517E-05
   -0.00000000000000    -0.00000000000000    -0.00000000000000      -1.03046270E-10 -8.60312752E-05  4.65240470E-05
   -0.00000000000000     0.00000000000000     0.00000000000000      -5.35467472E-05 -5.52808811E-05 -5.52008295E-05
   -0.00000000000000    -0.00000000000000     0.00000000000000      -1.12644095E-10  3.78483435E-05 -4.57816276E-05
# Filename: xfset/XFSET.zno_mlff03, Snapshot: 1
    0.00000000000000    -0.01889726124994     0.00000000000000       1.07561802E-10  3.92217248E-03  9.69444151E-05
   -0.00000000000000     0.00000000000000     0.00000000000000      -6.80980953E-06 -3.37512461E-05  1.47645991E-04
    0.00000000000000     0.00000000000000    -0.00000000000000       1.12814333E-10 -1.43405760E-04 -5.68229504E-05
   -0.00000000000000     0.00000000000000     0.00000000000000       3.80052925E-05  1.40296515E-05 -4.25528765E-05
    0.00000000000000     0.00000000000000     0.00000000000000       1.02913797E-10 -1.49863457E-05  4.63432881E-05
   -0.00000000000000     0.00000000000000    -0.00000000000000      -6.05595201E-06 -3.42476723E-05 -2.06631225E-04
    0.00000000000000     0.00000000000000     0.00000000000000       1.12719471E-10 -1.95603557E-05 -5.00392300E-05
   -0.00000000000000     0.00000000000000     0.00000000000000       9.03668685E-04 -5.18968696E-04 -3.34072906E-04
    0.00000000000000     0.00000000000000     0.00000000000000       4.96718548E-04 -6.25304724E-04  4.87952545E-05
    0.00000000000000    -0.00000000000000     0.00000000000000      -1.02996019E-10 -2.79518678E-05 -1.52447025E-04
    0.00000000000000     0.00000000000000    -0.00000000000000       9.97058916E-06  6.73109931E-05 -1.53443022E-06
    0.00000000000000    -0.00000000000000     0.00000000000000      -1.12712470E-10 -4.90853142E-05 -6.02085753E-05
    0.00000000000000     0.00000000000000     0.00000000000000      -1.47487568E-05  5.12338085E-05  6.49281709E-05
    0.00000000000000    -0.00000000000000    -0.00000000000000      -1.02949385E-10 -2.66116720E-05  5.59928157E-04
    0.00000000000000     0.00000000000000     0.00000000000000      -5.51160584E-05  5.57297171E-05 -4.48249406E-05
    0.00000000000000    -0.00000000000000     0.00000000000000      -1.13376115E-10 -1.98412415E-03  4.88464314E-04
    0.00000000000000    -0.00000000000000     0.00000000000000       1.02844138E-10  2.30958146E-04  4.51801009E-05
    0.00000000000000    -0.00000000000000     0.00000000000000       6.80960362E-06 -3.37512461E-05  1.47645991E-04
    0.00000000000000    -0.00000000000000    -0.00000000000000       1.12625115E-10  8.89831850E-05 -1.38665763E-04
    0.00000000000000    -0.00000000000000     0.00000000000000      -3.80055180E-05  1.40296516E-05 -4.25528765E-05
    0.00000000000000    -0.00000000000000     0.00000000000000       1.02974316E-10  2.65473253E-05  1.02203568E-05
    0.00000000000000    -0.00000000000000    -0.00000000000000       6.05574606E-06 -3.42476723E-05 -2.06631225E-04
    0.00000000000000    -0.00000000000000     0.00000000000000       1.12762060E-10 -3.83629170E-05 -5.74736844E-05
    0.00000000000000    -0.00000000000000     0.00000000000000      -9.03668914E-04 -5.18968699E-04 -3.34072909E-04
   -0.00000000000000     0.00000000000000     0.00000000000000      -4.96718342E-04 -6.25304724E-04  4.87952545E-05
   -0.00000000000000    -0.00000000000000     0.00000000000000      -1.02858374E-10  8.41892662E-05  5.11438726E-05
   -0.00000000000000     0.00000000000000    -0.00000000000000      -9.97036363E-06  6.73109931E-05 -1.53443024E-06
   -0.00000000000000    -0.00000000000000     0.00000000000000      -1.12686373E-10 -5.11017186E-05 -4.68166008E-05
   -0.00000000000000     0.00000000000000     0.00000000000000       1.47489627E-05  5.12338086E-05  6.49281710E-05
   -0.00000000000000    -0.00000000000000    -0.00000000000000      -1.02858918E-10  8.46591613E-05  4.65461401E-05
   -0.00000000000000     0.00000000000000     0.00000000000000       5.51162838E-05  5.57297171E-05 -4.48249407E-05
   -0.00000000000000    -0.00000000000000     0.00000000000000      -1.12823629E-10 -3.43831255E-05 -4.58028891E-05
# Filename: xfset/XFSET.zno_mlff04, Snapshot: 1
    0.00000000000000     0.00000000000000     0.01889726124994       1.00125033E-10 -1.38552973E-11 -4.21779803E-03
   -0.00000000000000     0.00000000000000     0.00000000000000       4.45901584E-04 -2.57441446E-04  3.24287921E-04
    0.00000000000000     0.00000000000000    -0.00000000000000       1.12425512E-10  2.35667314E-11  2.48463087E-03
   -0.00000000000000     0.00000000000000     0.00000000000000       2.59137914E-05 -1.49614231E-05 -4.67565487E-04
    0.00000000000000     0.00000000000000     0.00000000000000       1.02961870E-10 -1.36018263E-11  4.41543075E-04
   -0.00000000000000     0.00000000000000    -0.00000000000000      -1.72868914E-04  9.98058686E-05  3.21159835E-04
    0.00000000000000     0.00000000000000     0.00000000000000       1.12838681E-10  2.35318826E-11 -1.30001880E-04
   -0.00000000000000     0.00000000000000     0.00000000000000      -5.50395080E-04  3.17770659E-04  4.96109418E-04
    0.00000000000000     0.00000000000000     0.00000000000000      -1.78574265E-06 -1.03107199E-06 -3.10874361E-04
    0.00000000000000    -0.00000000000000     0.00000000000000      -1.02816913E-10  5.14882932E-04  3.24287921E-04
    0.00000000000000     0.00000000000000    -0.00000000000000      -2.68880278E-05 -1.55238516E-05  1.68218971E-04
    0.00000000000000    -0.00000000000000     0.00000000000000      -1.12752959E-10  2.99227754E-05 -4.67565487E-04
    0.00000000000000     0.00000000000000     0.00000000000000      -3.13404763E-05 -1.80945056E-05  4.75602007E-05
    0.00000000000000    -0.00000000000000    -0.00000000000000      -1.02798399E-10 -1.99611696E-04  3.21159835E-04
    0.00000000000000     0.00000000000000     0.00000000000000       4.21375119E-05  2.43280624E-05 -2.24585620E-04
    0.00000000000000    -0.00000000000000     0.00000000000000      -1.12998262E-10 -6.35541391E-04  4.96109419E-04
    0.00000000000000    -0.00000000000000     0.00000000000000       1.02939001E-10  2.06210317E-06 -3.10874361E-04
    0.00000000000000    -0.00000000000000     0.00000000000000      -4.45901790E-04 -2.57441446E-04  3.24287921E-04
    0.00000000000000    -0.00000000000000    -0.00000000000000       1.12786135E-10  3.10477739E-05  1.68218971E-04
    0.00000000000000    -0.00000000000000     0.00000000000000      -2.59140169E-05 -1.49614231E-05 -4.67565487E-04
    0.00000000000000    -0.00000000000000     0.00000000000000       1.02975833E-10  3.61889702E-05  4.75602003E-05
    0.00000000000000    -0.00000000000000    -0.00000000000000       1.72868709E-04  9.98058685E-05  3.21159835E-04
    0.00000000000000    -0.00000000000000     0.00000000000000       1.12631882E-10 -4.86560540E-05 -2.24585620E-04
    0.00000000000000    -0.00000000000000     0.00000000000000       5.50394858E-04  3.17770661E-04  4.96109419E-04
   -0.00000000000000     0.00000000000000     0.00000000000000       1.78594862E-06 -1.03107204E-06 -3.10874361E-04
   -0.00000000000000    -0.00000000000000     0.00000000000000      -1.03034446E-10  1.39165550E-11  1.13672657E-04
   -0.00000000000000     0.00000000000000    -0.00000000000000       2.68882534E-05 -1.55238516E-05  1.68218971E-04
   -0.00000000000000    -0.00000000000000     0.00000000000000      -1.12857894E-10 -2.35305602E-11 -2.18274715E-04
   -0.00000000000000     0.00000000000000     0.00000000000000       3.13406823E-05 -1.80945056E-05  4.75602005E-05
   -0.00000000000000    -0.00000000000000    -0.00000000000000      -1.02820297E-10  1.35104648E-11  1.06484791E-04
   -0.00000000000000     0.00000000000000     0.00000000000000      -4.21372867E-05  2.43280625E-05 -2.24585620E-04
   -0.00000000000000    -0.00000000000000     0.00000000000000      -1.12653935E-10 -2.36505087E-11  3.56810601E-04
# Filename: xfset/XFSET.zno_mlff05, Snapshot: 1
    0.00000000000000     0.00000000000000    -0.01889726124993       1.05782216E-10 -1.34185587E-11  4.10796026E-03
   -0.00000000000000     0.00000000000000     0.00000000000000      -4.42107499E-04  2.55250838E-04 -2.24465777E-04
    0.00000000000000     0.00000000000000    -0.00000000000000       1.13051935E-10  2.35814722E-11 -2.40315546E-03
   -0.00000000000000     0.00000000000000     0.00000000000000      -2.49478643E-05  1.44035675E-05  3.68655685E-04
    0.00000000000000     0.00000000000000     0.00000000000000       1.02938223E-10 -1.36677513E-11 -3.48513947E-04
   -0.00000000000000     0.00000000000000    -0.00000000000000       1.72149012E-04 -9.93903243E-05 -2.27629168E-04
    0.00000000000000     0.00000000000000     0.00000000000000       1.12627682E-10  2.36227774E-11  3.14961413E-05
   -0.00000000000000     0.00000000000000     0.00000000000000       5.54157298E-04 -3.19942954E-04 -5.88859625E-04
    0.00000000000000     0.00000000000000     0.00000000000000       3.06803865E-06  1.77125978E-06  4.07442477E-04
    0.00000000000000    -0.00000000000000     0.00000000000000      -1.03080379E-10 -5.10501634E-04 -2.24465778E-04
    0.00000000000000     0.00000000000000    -0.00000000000000       2.71181732E-05  1.56566431E-05 -2.59989643E-04
    0.00000000000000    -0.00000000000000     0.00000000000000      -1.12714609E-10 -2.88072057E-05  3.68655685E-04
    0.00000000000000     0.00000000000000     0.00000000000000       3.27575771E-05  1.89125229E-05  5.21873854E-05
    0.00000000000000    -0.00000000000000    -0.00000000000000      -1.03098854E-10  1.98780689E-04 -2.27629168E-04
    0.00000000000000     0.00000000000000     0.00000000000000      -4.16336309E-05 -2.40372296E-05  1.27403782E-04
    0.00000000000000    -0.00000000000000     0.00000000000000      -1.12475062E-10  6.39885839E-04 -5.88859625E-04
    0.00000000000000    -0.00000000000000     0.00000000000000       1.02965487E-10 -3.54256058E-06  4.07442478E-04
    0.00000000000000    -0.00000000000000     0.00000000000000       4.42107293E-04  2.55250838E-04 -2.24465778E-04
    0.00000000000000    -0.00000000000000    -0.00000000000000       1.12683767E-10 -3.13132153E-05 -2.59989643E-04
    0.00000000000000    -0.00000000000000     0.00000000000000       2.49476388E-05  1.44035675E-05  3.68655685E-04
    0.00000000000000    -0.00000000000000     0.00000000000000       1.02924571E-10 -3.78250868E-05  5.21873858E-05
    0.00000000000000    -0.00000000000000    -0.00000000000000      -1.72149218E-04 -9.93903242E-05 -2.27629168E-04
    0.00000000000000    -0.00000000000000     0.00000000000000       1.12837203E-10  4.80745299E-05  1.27403781E-04
    0.00000000000000    -0.00000000000000     0.00000000000000      -5.54157527E-04 -3.19942956E-04 -5.88859625E-04
   -0.00000000000000     0.00000000000000     0.00000000000000      -3.06783283E-06  1.77125984E-06  4.07442477E-04
   -0.00000000000000    -0.00000000000000     0.00000000000000      -1.02864597E-10  1.33536838E-11 -1.09300942E-05
   -0.00000000000000     0.00000000000000    -0.00000000000000      -2.71179478E-05  1.56566431E-05 -2.59989643E-04
   -0.00000000000000    -0.00000000000000     0.00000000000000      -1.12609868E-10 -2.36239442E-11  1.28481859E-04
   -0.00000000000000     0.00000000000000     0.00000000000000      -3.27573713E-05  1.89125230E-05  5.21873856E-05
   -0.00000000000000    -0.00000000000000    -0.00000000000000      -1.03081741E-10  1.37614854E-11 -1.79602871E-05
   -0.00000000000000     0.00000000000000     0.00000000000000       4.16338566E-05 -2.40372296E-05  1.27403782E-04
   -0.00000000000000    -0.00000000000000     0.00000000000000      -1.12815111E-10 -2.34987061E-11 -4.51613822E-04
# Filename: xfset/XFSET.zno_mlff06, Snapshot: 1
    0.00000000000000     0.00000000000000     0.00000000000000       1.41523651E-04  6.07920424E-07  6.00822938E-05
   -0.00000000000000     0.00000000000000     0.00000000000000       1.59056076E-03 -9.22940399E-04  6.22162706E-04
    0.01889726124994     0.00000000000000    -0.00000000000000      -4.82103024E-03  7.91289825E-05 -9.46411708E-05
   -0.00000000000000     0.00000000000000     0.00000000000000       1.04196007E-04 -1.06159456E-04  3.26880123E-04
    0.00000000000000     0.00000000000000     0.00000000000000       1.87892921E-05 -2.83151093E-07  4.32955634E-05
   -0.00000000000000     0.00000000000000    -0.00000000000000       2.85858156E-05 -3.67870769E-05  2.29646602E-05
    0.00000000000000     0.00000000000000     0.00000000000000      -3.91807954E-05 -1.08153660E-07 -4.81258492E-05
   -0.00000000000000     0.00000000000000     0.00000000000000       1.04461421E-04 -1.04616006E-04 -1.96895384E-04
    0.00000000000000     0.00000000000000     0.00000000000000      -8.00941767E-05 -1.19471117E-05  2.14318238E-05
    0.00000000000000    -0.00000000000000     0.00000000000000       2.35965523E-06 -1.07299497E-05  4.31670372E-05
    0.00000000000000     0.00000000000000    -0.00000000000000       2.01048111E-04 -5.22783212E-04 -3.98829909E-05
    0.00000000000000    -0.00000000000000     0.00000000000000      -7.78181674E-05  1.41892075E-06 -4.81708728E-05
    0.00000000000000     0.00000000000000     0.00000000000000       6.27629807E-06  5.40305670E-05  8.78981843E-05
    0.00000000000000    -0.00000000000000    -0.00000000000000      -3.56305790E-05 -4.70170804E-07  4.90781845E-05
    0.00000000000000     0.00000000000000     0.00000000000000      -3.56641301E-05 -3.96714438E-05 -5.18637822E-05
    0.00000000000000    -0.00000000000000     0.00000000000000      -7.78088763E-05 -1.33477189E-08 -4.81503001E-05
    0.00000000000000    -0.00000000000000     0.00000000000000      -6.02404007E-05 -5.42124355E-07  5.12349300E-05
    0.00000000000000    -0.00000000000000     0.00000000000000       1.50086936E-03  8.59623857E-04 -4.82878852E-04
    0.00000000000000    -0.00000000000000    -0.00000000000000       1.10553372E-03 -1.98541466E-06 -4.54078176E-05
    0.00000000000000    -0.00000000000000     0.00000000000000       1.02102784E-04  1.02827928E-04 -4.20203406E-04
    0.00000000000000    -0.00000000000000     0.00000000000000      -8.68759616E-05  8.23384693E-07  4.74713334E-05
    0.00000000000000    -0.00000000000000    -0.00000000000000       2.87693582E-05  3.74845412E-05  7.38157907E-05
    0.00000000000000    -0.00000000000000     0.00000000000000       3.32767086E-05 -6.35795389E-08 -4.81080256E-05
    0.00000000000000    -0.00000000000000     0.00000000000000       1.01842116E-04  1.04367486E-04  9.67042087E-05
   -0.00000000000000     0.00000000000000     0.00000000000000      -8.18233477E-05  1.19467159E-05  7.54075846E-05
   -0.00000000000000    -0.00000000000000     0.00000000000000       3.60384918E-05 -1.27068951E-06  4.84510137E-05
   -0.00000000000000     0.00000000000000    -0.00000000000000       1.98023190E-04  5.23317901E-04 -5.32518953E-05
   -0.00000000000000    -0.00000000000000     0.00000000000000       3.43546348E-05  4.70463572E-07 -4.87475519E-05
   -0.00000000000000     0.00000000000000     0.00000000000000       8.15686332E-06 -5.46254359E-05  4.09839237E-06
   -0.00000000000000    -0.00000000000000    -0.00000000000000       5.05865373E-05 -5.40556966E-09  4.64038366E-05
   -0.00000000000000     0.00000000000000     0.00000000000000      -3.55353216E-05  3.98613827E-05 -4.54851425E-05
   -0.00000000000000    -0.00000000000000     0.00000000000000       3.43472187E-05 -9.07920872E-07 -4.87346243E-05
# Filename: xfset/XFSET.zno_mlff07, Snapshot: 1
    0.00000000000000     0.00000000000000     0.00000000000000       1.02871286E-10  1.40916149E-04  6.01271760E-05
   -0.00000000000000     0.00000000000000     0.00000000000000      -8.78877952E-04  5.15414737E-04 -2.66877240E-04
    0.00000000000000     0.01889726124994    -0.00000000000000       1.07787736E-10 -4.90016458E-03 -9.50722309E-05
   -0.00000000000000     0.00000000000000     0.00000000000000      -1.02702636E-04 -1.74682925E-05 -2.63327692E-04
    0.00000000000000     0.00000000000000     0.00000000000000       1.02961753E-10  1.90723494E-05  4.32849346E-05
   -0.00000000000000     0.00000000000000    -0.00000000000000      -3.76024804E-05 -1.42207269E-05  6.35260852E-05
    0.00000000000000     0.00000000000000     0.00000000000000       1.12748525E-10 -3.90726842E-05 -4.81144663E-05
   -0.00000000000000     0.00000000000000     0.00000000000000      -1.04418364E-04 -1.81628395E-05  3.59480521E-05
    0.00000000000000     0.00000000000000     0.00000000000000      -1.16432797E-05 -6.64721153E-05  3.47182234E-05
    0.00000000000000    -0.00000000000000     0.00000000000000      -1.02408645E-10  2.13701011E-03  7.16594746E-04
    0.00000000000000     0.00000000000000    -0.00000000000000      -5.21761219E-04  8.04884953E-04 -4.19272216E-05
    0.00000000000000    -0.00000000000000     0.00000000000000      -1.12734756E-10  1.65330126E-04  3.85174871E-04
    0.00000000000000     0.00000000000000     0.00000000000000       5.36807415E-05 -5.61311488E-05  7.11670464E-05
    0.00000000000000    -0.00000000000000    -0.00000000000000      -1.02952924E-10  4.99391585E-05  1.88000595E-05
    0.00000000000000     0.00000000000000     0.00000000000000      -3.96737251E-05  1.02391592E-05 -5.01401344E-05
    0.00000000000000    -0.00000000000000     0.00000000000000      -1.12803326E-10  1.65082650E-04 -2.20262171E-04
    0.00000000000000    -0.00000000000000     0.00000000000000       1.02930249E-10 -8.86715704E-05  7.86474484E-05
    0.00000000000000    -0.00000000000000     0.00000000000000       8.78877750E-04  5.15414740E-04 -2.66877242E-04
    0.00000000000000    -0.00000000000000    -0.00000000000000       1.12870301E-10 -1.03713547E-04 -5.46648754E-05
    0.00000000000000    -0.00000000000000     0.00000000000000       1.02702411E-04 -1.74682924E-05 -2.63327692E-04
    0.00000000000000    -0.00000000000000     0.00000000000000       1.02896023E-10  3.95906389E-05 -2.87887573E-06
    0.00000000000000    -0.00000000000000    -0.00000000000000       3.76022745E-05 -1.42207270E-05  6.35260852E-05
    0.00000000000000    -0.00000000000000     0.00000000000000       1.12732812E-10 -5.85275943E-05 -4.51827550E-05
    0.00000000000000    -0.00000000000000     0.00000000000000       1.04418139E-04 -1.81628395E-05  3.59480522E-05
   -0.00000000000000     0.00000000000000     0.00000000000000       1.16434857E-05 -6.64721153E-05  3.47182234E-05
   -0.00000000000000    -0.00000000000000     0.00000000000000      -1.02859696E-10  3.73092186E-05  4.84482105E-05
   -0.00000000000000     0.00000000000000    -0.00000000000000       5.21761444E-04  8.04884952E-04 -4.19272215E-05
   -0.00000000000000    -0.00000000000000     0.00000000000000      -1.12725500E-10  3.38845590E-05 -4.87375536E-05
   -0.00000000000000     0.00000000000000     0.00000000000000      -5.36805356E-05 -5.61311488E-05  7.11670464E-05
   -0.00000000000000    -0.00000000000000    -0.00000000000000      -1.02995630E-10  5.05921348E-05  4.63885485E-05
   -0.00000000000000     0.00000000000000     0.00000000000000       3.96739505E-05  1.02391591E-05 -5.01401345E-05
   -0.00000000000000    -0.00000000000000     0.00000000000000      -1.12725461E-10  3.52554346E-05 -4.87273025E-05
# Filename: xfset/XFSET.zno_mlff08, Snapshot: 1
    0.00000000000000     0.00000000000000     0.00000000000000       1.03028106E-10 -1.42130950E-04  6.00374120E-05
   -0.00000000000000     0.00000000000000     0.00000000000000       9.03038861E-04 -5.17834611E-04  3.70859239E-04
    0.00000000000000    -0.01889726124994    -0.00000000000000       1.17722148E-10  4.74189632E-03 -9.42101173E-05
   -0.00000000000000     0.00000000000000     0.00000000000000       1.06264089E-04  1.75347010E-05  1.67992089E-04
    0.00000000000000     0.00000000000000     0.00000000000000       1.02933205E-10 -1.85060348E-05  4.33061919E-05
   -0.00000000000000     0.00000000000000    -0.00000000000000       3.66567504E-05  1.41752664E-05  3.41714423E-05
    0.00000000000000     0.00000000000000     0.00000000000000       1.12720755E-10  3.92891321E-05 -4.81372322E-05
   -0.00000000000000     0.00000000000000     0.00000000000000       1.04546165E-04  1.68252062E-05 -1.33545358E-04
    0.00000000000000     0.00000000000000     0.00000000000000       1.22693735E-05  6.78320043E-05  6.58747720E-05
    0.00000000000000    -0.00000000000000     0.00000000000000      -1.03477835E-10 -1.98407154E-03 -5.59656955E-04
    0.00000000000000     0.00000000000000    -0.00000000000000       5.24362407E-04 -8.02170563E-04 -4.96613516E-05
    0.00000000000000    -0.00000000000000     0.00000000000000      -1.12733006E-10 -1.61637785E-04 -4.77491976E-04
    0.00000000000000     0.00000000000000     0.00000000000000      -5.49746423E-05  5.48929774E-05  2.27936748E-05
    0.00000000000000    -0.00000000000000    -0.00000000000000      -1.02945768E-10 -5.03026341E-05  7.75221562E-05
    0.00000000000000     0.00000000000000     0.00000000000000       3.98569846E-05 -1.03976324E-05 -4.64533771E-05
    0.00000000000000    -0.00000000000000     0.00000000000000      -1.12666653E-10 -1.61883436E-04  1.18773831E-04
    0.00000000000000    -0.00000000000000     0.00000000000000       1.02967937E-10  8.70366636E-05  1.63152372E-05
    0.00000000000000    -0.00000000000000     0.00000000000000      -9.03039071E-04 -5.17834613E-04  3.70859241E-04
    0.00000000000000    -0.00000000000000    -0.00000000000000       1.12605901E-10  1.01188101E-04 -3.92433857E-05
    0.00000000000000    -0.00000000000000     0.00000000000000      -1.06264315E-04  1.75347010E-05  1.67992089E-04
    0.00000000000000    -0.00000000000000     0.00000000000000       1.03004381E-10 -3.75713956E-05  9.38932543E-05
    0.00000000000000    -0.00000000000000    -0.00000000000000      -3.66569563E-05  1.41752664E-05  3.41714423E-05
    0.00000000000000    -0.00000000000000     0.00000000000000       1.12736701E-10  5.85921505E-05 -5.25441226E-05
    0.00000000000000    -0.00000000000000     0.00000000000000      -1.04546390E-04  1.68252062E-05 -1.33545359E-04
   -0.00000000000000     0.00000000000000     0.00000000000000      -1.22691677E-05  6.78320043E-05  6.58747720E-05
   -0.00000000000000    -0.00000000000000     0.00000000000000      -1.03039269E-10 -3.47679798E-05  4.84538170E-05
   -0.00000000000000     0.00000000000000    -0.00000000000000      -5.24362181E-04 -8.02170563E-04 -4.96613517E-05
   -0.00000000000000    -0.00000000000000     0.00000000000000      -1.12741291E-10 -3.48249355E-05 -4.87575505E-05
   -0.00000000000000     0.00000000000000     0.00000000000000       5.49748482E-05  5.48929774E-05  2.27936747E-05
   -0.00000000000000    -0.00000000000000    -0.00000000000000      -1.02901585E-10 -5.05811453E-05  4.64191244E-05
   -0.00000000000000     0.00000000000000     0.00000000000000      -3.98567591E-05 -1.03976323E-05 -4.64533771E-05
   -0.00000000000000    -0.00000000000000     0.00000000000000      -1.12741213E-10 -3.34392283E-05 -4.87419460E-05
# Filename: xfset/XFSET.zno_mlff09, Snapshot: 1
    0.00000000000000     0.00000000000000     0.00000000000000       1.03136192E-10 -1.36626173E-11  2.40482014E-03
   -0.00000000000000     0.00000000000000     0.00000000000000       4.89725810E-04 -2.82743374E-04  5.87166048E-04
    0.00000000000000     0.00000000000000     0.01889726124994       1.15492094E-10  2.41704022E-11 -5.20925236E-03
   -0.00000000000000     0.00000000000000     0.00000000000000       1.50362596E-04 -8.68119741E-05  2.76609317E-04
    0.00000000000000     0.00000000000000     0.00000000000000       1.03071239E-10 -1.38002625E-11 -3.21419726E-05
   -0.00000000000000     0.00000000000000    -0.00000000000000      -9.91715956E-06  5.72562898E-06 -3.66486133E-04
    0.00000000000000     0.00000000000000     0.00000000000000       1.12760426E-10  2.35629976E-11  2.31918452E-04
   -0.00000000000000     0.00000000000000     0.00000000000000      -3.69289276E-04  2.13209174E-04  2.70836782E-04
    0.00000000000000     0.00000000000000     0.00000000000000      -8.11082161E-05 -4.68279235E-05  2.60764529E-04
    0.00000000000000    -0.00000000000000     0.00000000000000      -1.02614665E-10  5.65486791E-04  5.87166049E-04
    0.00000000000000     0.00000000000000    -0.00000000000000       6.18698094E-06  3.57201356E-06 -4.11131922E-04
    0.00000000000000    -0.00000000000000     0.00000000000000      -1.12757665E-10  1.73623878E-04  2.76609317E-04
    0.00000000000000     0.00000000000000     0.00000000000000      -8.85164318E-06 -5.11057165E-06 -1.26914955E-04
    0.00000000000000    -0.00000000000000    -0.00000000000000      -1.02988435E-10 -1.14512168E-05 -3.66486133E-04
    0.00000000000000     0.00000000000000     0.00000000000000      -3.04324760E-06 -1.75706130E-06  3.03025290E-04
    0.00000000000000    -0.00000000000000     0.00000000000000      -1.12751092E-10 -4.26418419E-04  2.70836782E-04
    0.00000000000000    -0.00000000000000     0.00000000000000       1.02975327E-10  9.36558060E-05  2.60764528E-04
    0.00000000000000    -0.00000000000000     0.00000000000000      -4.89726019E-04 -2.82743376E-04  5.87166049E-04
    0.00000000000000    -0.00000000000000    -0.00000000000000       1.12729545E-10 -7.14395646E-06 -4.11131922E-04
    0.00000000000000    -0.00000000000000     0.00000000000000      -1.50362822E-04 -8.68119742E-05  2.76609317E-04
    0.00000000000000    -0.00000000000000     0.00000000000000       1.03003059E-10  1.02211023E-05 -1.26914954E-04
    0.00000000000000    -0.00000000000000    -0.00000000000000       9.91695361E-06  5.72562899E-06 -3.66486133E-04
    0.00000000000000    -0.00000000000000     0.00000000000000       1.12705119E-10  3.51419330E-06  3.03025290E-04
    0.00000000000000    -0.00000000000000     0.00000000000000       3.69289050E-04  2.13209174E-04  2.70836782E-04
   -0.00000000000000     0.00000000000000     0.00000000000000       8.11084221E-05 -4.68279235E-05  2.60764529E-04
   -0.00000000000000    -0.00000000000000     0.00000000000000      -1.02946974E-10  1.35577207E-11  4.55511885E-04
   -0.00000000000000     0.00000000000000    -0.00000000000000      -6.18675559E-06  3.57201363E-06 -4.11131922E-04
   -0.00000000000000    -0.00000000000000     0.00000000000000      -1.12721377E-10 -2.35440563E-11 -5.31122280E-05
   -0.00000000000000     0.00000000000000     0.00000000000000       8.85184909E-06 -5.11057160E-06 -1.26914955E-04
   -0.00000000000000    -0.00000000000000    -0.00000000000000      -1.02929121E-10  1.35723059E-11 -1.28368224E-04
   -0.00000000000000     0.00000000000000     0.00000000000000       3.04347308E-06 -1.75706135E-06  3.03025290E-04
   -0.00000000000000    -0.00000000000000     0.00000000000000      -1.12844359E-10 -2.34334812E-11 -5.09825577E-05
# Filename: xfset/XFSET.zno_mlff10, Snapshot: 1
    0.00000000000000     0.00000000000000     0.00000000000000       1.02774830E-10 -1.36082827E-11 -2.48252485E-03
   -0.00000000000000     0.00000000000000     0.00000000000000      -4.90889200E-04  2.83414966E-04 -4.98002205E-04
    0.00000000000000     0.00000000000000    -0.01889726124994       1.09983836E-10  2.29673389E-11  5.29727217E-03
   -0.00000000000000     0.00000000000000     0.00000000000000      -1.43306031E-04  8.27376871E-05 -3.68703935E-04
    0.00000000000000     0.00000000000000     0.00000000000000       1.02824419E-10 -1.34704041E-11  1.29103759E-04
   -0.00000000000000     0.00000000000000    -0.00000000000000       8.80598171E-06 -5.08418174E-06  4.69755273E-04
    0.00000000000000     0.00000000000000     0.00000000000000       1.12708464E-10  2.35897176E-11 -3.30821715E-04
   -0.00000000000000     0.00000000000000     0.00000000000000       3.77749910E-04 -2.18094101E-04 -3.74386172E-04
    0.00000000000000     0.00000000000000     0.00000000000000       7.99246184E-05  4.61444269E-05 -1.67350688E-04
    0.00000000000000    -0.00000000000000     0.00000000000000      -1.03291573E-10 -5.66829893E-04 -4.98002205E-04
    0.00000000000000     0.00000000000000    -0.00000000000000      -7.20744271E-06 -4.16126046E-06  3.18341495E-04
    0.00000000000000    -0.00000000000000     0.00000000000000      -1.12710331E-10 -1.65475445E-04 -3.68703936E-04
    0.00000000000000     0.00000000000000     0.00000000000000       9.04092542E-06  5.21970765E-06  2.25206276E-04
    0.00000000000000    -0.00000000000000    -0.00000000000000      -1.02908897E-10  1.01684041E-05  4.69755273E-04
    0.00000000000000     0.00000000000000     0.00000000000000       3.37759077E-06  1.95001140E-06 -4.00354586E-04
    0.00000000000000    -0.00000000000000     0.00000000000000      -1.12719510E-10  4.36188132E-04 -3.74386172E-04
    0.00000000000000    -0.00000000000000     0.00000000000000       1.02926088E-10 -9.22888946E-05 -1.67350688E-04
    0.00000000000000    -0.00000000000000     0.00000000000000       4.90888997E-04  2.83414968E-04 -4.98002206E-04
    0.00000000000000    -0.00000000000000    -0.00000000000000       1.12743002E-10  8.32259172E-06  3.18341495E-04
    0.00000000000000    -0.00000000000000     0.00000000000000       1.43305806E-04  8.27376872E-05 -3.68703936E-04
    0.00000000000000    -0.00000000000000     0.00000000000000       1.02897190E-10 -1.04394562E-05  2.25206276E-04
    0.00000000000000    -0.00000000000000    -0.00000000000000      -8.80618755E-06 -5.08418175E-06  4.69755273E-04
    0.00000000000000    -0.00000000000000     0.00000000000000       1.12764860E-10 -3.89995204E-06 -4.00354586E-04
    0.00000000000000    -0.00000000000000     0.00000000000000      -3.77750136E-04 -2.18094101E-04 -3.74386172E-04
   -0.00000000000000     0.00000000000000     0.00000000000000      -7.99244125E-05  4.61444269E-05 -1.67350688E-04
   -0.00000000000000    -0.00000000000000     0.00000000000000      -1.02949152E-10  1.37111957E-11 -3.52929920E-04
   -0.00000000000000     0.00000000000000    -0.00000000000000       7.20766830E-06 -4.16126052E-06  3.18341495E-04
   -0.00000000000000    -0.00000000000000     0.00000000000000      -1.12746191E-10 -2.36081144E-11 -4.71995586E-05
   -0.00000000000000     0.00000000000000     0.00000000000000      -9.04071954E-06  5.21970760E-06  2.25206276E-04
   -0.00000000000000    -0.00000000000000    -0.00000000000000      -1.02966771E-10  1.36949381E-11  2.18288978E-04
   -0.00000000000000     0.00000000000000     0.00000000000000      -3.37736532E-06  1.95001145E-06 -4.00354586E-04
   -0.00000000000000    -0.00000000000000     0.00000000000000      -1.12622898E-10 -2.37242513E-11 -4.47052312E-05
