# Filename: xfset/XFSET.zno_mlff01, Snapshot: 1
    0.01889726124994     0.00000000000000     0.00000000000000      -3.99346888E-03  7.12932666E-05  4.91753285E-05
    0.00000000000000     0.00000000000000     0.00000000000000       2.68765047E-05  6.19497317E-06  1.71479465E-04
    0.00000000000000     0.00000000000000     0.00000000000000       1.41496478E-04  1.90930780E-06 -8.71745885E-06
    0.00000000000000     0.00000000000000     0.00000000000000       2.93816458E-05 -3.78821137E-05  8.57756604E-06
    0.00000000000000     0.00000000000000     0.00000000000000       1.50088457E-05 -2.24904427E-08 -1.79883172E-06
    0.00000000000000     0.00000000000000     0.00000000000000       2.79484490E-05  5.64494715E-06 -4.44014635E-04
    0.00000000000000     0.00000000000000     0.00000000000000       1.87619133E-05  7.98415414E-07 -1.91447458E-06
    0.00000000000000     0.00000000000000     0.00000000000000       1.59116151E-03 -9.22491816E-04 -5.11397173E-04
    0.00000000000000     0.00000000000000     0.00000000000000       5.51709643E-05 -4.95525546E-04 -2.80021962E-06
    0.00000000000000     0.00000000000000     0.00000000000000       3.77804829E-05 -1.77779214E-06  3.90091699E-07
    0.00000000000000     0.00000000000000     0.00000000000000      -8.14992762E-05 -1.36495468E-05 -7.88385755E-05
    0.00000000000000     0.00000000000000     0.00000000000000      -3.56253929E-05  7.75412309E-07  6.76363449E-07
    0.00000000000000     0.00000000000000     0.00000000000000      -3.48623020E-05  1.43349181E-05 -3.32326153E-05
    0.00000000000000     0.00000000000000     0.00000000000000       3.77599513E-05 -1.02988196E-06  2.39594115E-06
    0.00000000000000     0.00000000000000     0.00000000000000       7.22295339E-06  5.36520434E-05 -8.91639873E-06
    0.00000000000000     0.00000000000000     0.00000000000000       2.32030369E-06 -9.24095512E-06  6.13446628E-06
    0.00000000000000     0.00000000000000     0.00000000000000       9.12616320E-04 -9.20456922E-07 -9.75769004E-07
    0.00000000000000     0.00000000000000     0.00000000000000       3.06083727E-05 -4.22799645E-06 -1.73450249E-04
    0.00000000000000     0.00000000000000     0.00000000000000      -6.01893227E-05  1.84639652E-06 -6.51189250E-07
    0.00000000000000     0.00000000000000     0.00000000000000       2.79845112E-05  3.63919414E-05 -1.01314689E-05
    0.00000000000000     0.00000000000000     0.00000000000000      -5.97234023E-05  2.80578106E-07 -1.98476882E-06
    0.00000000000000     0.00000000000000     0.00000000000000       2.95346626E-05 -4.75102573E-06  4.43941001E-04
    0.00000000000000     0.00000000000000     0.00000000000000      -8.68710439E-05  6.77198191E-07 -2.84442215E-06
    0.00000000000000     0.00000000000000     0.00000000000000       1.50024919E-03  8.60065185E-04  4.69603690E-04
    0.00000000000000     0.00000000000000     0.00000000000000       5.19479529E-05  4.96362626E-04  2.09233763E-06
   -0.00000000000000     0.00000000000000     0.00000000000000      -8.53571067E-05  1.16781471E-06  3.03176010E-06
    0.00000000000000     0.00000000000000     0.00000000000000      -8.04276663E-05  1.03142953E-05  8.21996041E-05
   -0.00000000000000     0.00000000000000     0.00000000000000       5.05768054E-05  5.24923089E-07  1.31542749E-06
    0.00000000000000     0.00000000000000     0.00000000000000      -3.43923326E-05 -1.46524671E-05  3.08607572E-05
   -0.00000000000000     0.00000000000000     0.00000000000000      -8.53452097E-05  6.86096954E-07 -1.60405129E-06
    0.00000000000000     0.00000000000000     0.00000000000000       7.23839176E-06 -5.50161641E-05  9.05161528E-06
   -0.00000000000000     0.00000000000000     0.00000000000000       3.61157287E-05 -1.73208613E-06  2.34688657E-06
# Filename: xfset/XFSET.zno_mlff02, Snapshot: 1
    0.00000000000000     0.01889726124994     0.00000000000000      -4.55158693E-12 -4.06476550E-03  4.95453941E-05
    0.00000000000000     0.00000000000000     0.00000000000000       3.62116984E-06  3.57797797E-05 -9.96438949E-05
    0.00000000000000     0.00000000000000     0.00000000000000      -7.61151848E-14  1.39587163E-04 -8.75111273E-06
    0.00000000000000     0.00000000000000     0.00000000000000      -3.62496689E-05 -1.43597521E-05 -5.20249477E-06
    0.00000000000000     0.00000000000000     0.00000000000000       3.76103136E-14  1.50313597E-05 -1.80180659E-06
    0.00000000000000     0.00000000000000     0.00000000000000       4.35035099E-06  3.52540506E-05  2.57940413E-04
    0.00000000000000     0.00000000000000     0.00000000000000       1.43518156E-14  1.79634509E-05 -1.92886439E-06
    0.00000000000000     0.00000000000000     0.00000000000000      -8.78302513E-04  5.14257177E-04  2.80184077E-04
    0.00000000000000     0.00000000000000     0.00000000000000      -4.95172625E-04  6.27221688E-04 -2.19316013E-06
    0.00000000000000     0.00000000000000     0.00000000000000       4.63614207E-14  2.35167629E-05  1.97698882E-04
    0.00000000000000     0.00000000000000     0.00000000000000      -1.40280639E-05 -6.69371401E-05 -4.63527052E-05
    0.00000000000000     0.00000000000000     0.00000000000000      -2.08081880E-14  5.11750943E-05  9.54680411E-06
    0.00000000000000     0.00000000000000     0.00000000000000       1.42415321E-05 -5.14805236E-05 -2.02258932E-05
    0.00000000000000     0.00000000000000     0.00000000000000       5.83407140E-16  2.48709712E-05 -5.13484485E-04
    0.00000000000000     0.00000000000000     0.00000000000000       5.35468600E-05 -5.52809047E-05 -7.06168466E-06
    0.00000000000000     0.00000000000000     0.00000000000000       6.59055599E-13  2.13688643E-03 -5.96422130E-04
    0.00000000000000     0.00000000000000     0.00000000000000       1.14697844E-13 -2.34624156E-04  2.66584314E-06
    0.00000000000000     0.00000000000000     0.00000000000000      -3.62116983E-06  3.57797796E-05 -9.96438948E-05
    0.00000000000000     0.00000000000000     0.00000000000000       1.09952799E-13 -8.67531524E-05  9.54422780E-05
    0.00000000000000     0.00000000000000     0.00000000000000       3.62496690E-05 -1.43597521E-05 -5.20249478E-06
    0.00000000000000     0.00000000000000     0.00000000000000      -2.42308432E-14 -2.59800413E-05  3.60792684E-05
    0.00000000000000     0.00000000000000     0.00000000000000      -4.35035094E-06  3.52540506E-05  2.57940414E-04
    0.00000000000000     0.00000000000000     0.00000000000000      -2.61366399E-14  3.88388603E-05  1.14110889E-05
    0.00000000000000     0.00000000000000     0.00000000000000       8.78302517E-04  5.14257179E-04  2.80184079E-04
    0.00000000000000     0.00000000000000     0.00000000000000       4.95172624E-04  6.27221688E-04 -2.19316018E-06
   -0.00000000000000     0.00000000000000     0.00000000000000      -9.60288152E-14 -8.65249775E-05  3.05879293E-06
    0.00000000000000     0.00000000000000     0.00000000000000       1.40280638E-05 -6.69371401E-05 -4.63527052E-05
   -0.00000000000000     0.00000000000000     0.00000000000000      -4.59724826E-14  5.00519138E-05  1.30831090E-06
    0.00000000000000     0.00000000000000     0.00000000000000      -1.42415321E-05 -5.14805237E-05 -2.02258932E-05
   -0.00000000000000     0.00000000000000     0.00000000000000      -9.65344347E-14 -8.60312888E-05 -1.61509795E-06
    0.00000000000000     0.00000000000000     0.00000000000000      -5.35468600E-05 -5.52809047E-05 -7.06168461E-06
   -0.00000000000000     0.00000000000000     0.00000000000000       9.05447881E-14  3.78483670E-05  2.35751733E-06
# Filename: xfset/XFSET.zno_mlff03, Snapshot: 1
    0.00000000000000    -0.01889726124994     0.00000000000000       4.61284468E-12  3.92217249E-03  4.88052701E-05
    0.00000000000000     0.00000000000000     0.00000000000000      -6.80970658E-06 -3.37512597E-05  9.95068462E-05
    0.00000000000000     0.00000000000000     0.00000000000000       8.05879729E-14 -1.43405784E-04 -8.68380546E-06
    0.00000000000000     0.00000000000000     0.00000000000000       3.80054052E-05  1.40296751E-05  5.58626846E-06
    0.00000000000000     0.00000000000000     0.00000000000000      -3.51988974E-14 -1.49863321E-05 -1.79585687E-06
    0.00000000000000     0.00000000000000     0.00000000000000      -6.05584906E-06 -3.42476859E-05 -2.54770370E-04
    0.00000000000000     0.00000000000000     0.00000000000000      -1.42740280E-14 -1.95603793E-05 -1.90008507E-06
    0.00000000000000     0.00000000000000     0.00000000000000       9.03668797E-04 -5.18968673E-04 -2.85933761E-04
    0.00000000000000     0.00000000000000     0.00000000000000       4.96718445E-04 -6.25304710E-04  6.56109548E-07
    0.00000000000000     0.00000000000000     0.00000000000000      -4.64392083E-14 -2.79518815E-05 -2.00586170E-04
    0.00000000000000     0.00000000000000     0.00000000000000       9.97047642E-06  6.73109695E-05  4.66047147E-05
    0.00000000000000     0.00000000000000     0.00000000000000       2.22472589E-14 -4.90852907E-05 -1.20694304E-05
    0.00000000000000     0.00000000000000     0.00000000000000      -1.47488598E-05  5.12338222E-05  1.67890260E-05
    0.00000000000000     0.00000000000000     0.00000000000000       2.33362856E-16 -2.66116856E-05  5.11789012E-04
    0.00000000000000     0.00000000000000     0.00000000000000      -5.51161711E-05  5.57296935E-05  3.31420430E-06
    0.00000000000000     0.00000000000000     0.00000000000000      -6.41592278E-13 -1.98412412E-03  5.36603459E-04
    0.00000000000000     0.00000000000000     0.00000000000000      -1.05091073E-13  2.30958160E-04 -2.95904407E-06
    0.00000000000000     0.00000000000000     0.00000000000000       6.80970657E-06 -3.37512597E-05  9.95068461E-05
    0.00000000000000     0.00000000000000     0.00000000000000      -1.09058241E-13  8.89831614E-05 -9.05266183E-05
    0.00000000000000     0.00000000000000     0.00000000000000      -3.80054053E-05  1.40296751E-05  5.58626847E-06
    0.00000000000000     0.00000000000000     0.00000000000000       2.49698256E-14  2.65473389E-05 -3.79187881E-05
    0.00000000000000     0.00000000000000     0.00000000000000       6.05584901E-06 -3.42476859E-05 -2.54770370E-04
    0.00000000000000     0.00000000000000     0.00000000000000       2.78868613E-14 -3.83629406E-05 -9.33453947E-06
    0.00000000000000     0.00000000000000     0.00000000000000      -9.03668801E-04 -5.18968675E-04 -2.85933764E-04
    0.00000000000000     0.00000000000000     0.00000000000000      -4.96718445E-04 -6.25304710E-04  6.56109607E-07
   -0.00000000000000     0.00000000000000     0.00000000000000       9.14004519E-14  8.41892525E-05  3.00472765E-06
    0.00000000000000     0.00000000000000     0.00000000000000      -9.97047636E-06  6.73109695E-05  4.66047147E-05
   -0.00000000000000     0.00000000000000     0.00000000000000       4.81116421E-14 -5.11016951E-05  1.32254416E-06
    0.00000000000000     0.00000000000000     0.00000000000000       1.47488598E-05  5.12338222E-05  1.67890260E-05
   -0.00000000000000     0.00000000000000     0.00000000000000       9.08170447E-14  8.46591477E-05 -1.59300488E-06
    0.00000000000000     0.00000000000000     0.00000000000000       5.51161711E-05  5.57296935E-05  3.31420425E-06
   -0.00000000000000     0.00000000000000     0.00000000000000      -8.89890357E-14 -3.43831019E-05  2.33625580E-06
# Filename: xfset/XFSET.zno_mlff04, Snapshot: 1
    0.00000000000000     0.00000000000000     0.01889726124993      -2.82392392E-12 -2.19866704E-13 -4.26593717E-03
    0.00000000000000     0.00000000000000     0.00000000000000       4.45901687E-04 -2.57441459E-04  2.76148776E-04
    0.00000000000000     0.00000000000000     0.00000000000000      -3.08233439E-13 -1.02679657E-14  2.53277001E-03
    0.00000000000000     0.00000000000000     0.00000000000000       2.59139041E-05 -1.49613995E-05 -4.19426342E-04
    0.00000000000000     0.00000000000000     0.00000000000000       1.28738509E-14  3.37987203E-14  3.93403930E-04
    0.00000000000000     0.00000000000000     0.00000000000000      -1.72868811E-04  9.98058549E-05  2.73020690E-04
    0.00000000000000     0.00000000000000     0.00000000000000       1.04935498E-13 -4.50001374E-14 -8.18627351E-05
    0.00000000000000     0.00000000000000     0.00000000000000      -5.50394968E-04  3.17770683E-04  5.44248563E-04
    0.00000000000000     0.00000000000000     0.00000000000000      -1.78584560E-06 -1.03105835E-06 -3.59013506E-04
    0.00000000000000     0.00000000000000     0.00000000000000       1.32666784E-13  5.14882919E-04  2.76148776E-04
    0.00000000000000     0.00000000000000     0.00000000000000      -2.68881406E-05 -1.55238752E-05  2.16358116E-04
    0.00000000000000     0.00000000000000     0.00000000000000      -1.82411966E-14  2.99227990E-05 -4.19426342E-04
    0.00000000000000     0.00000000000000     0.00000000000000      -3.13405793E-05 -1.80944919E-05 -5.78944249E-07
    0.00000000000000     0.00000000000000     0.00000000000000       1.51219131E-13 -1.99611710E-04  2.73020690E-04
    0.00000000000000     0.00000000000000     0.00000000000000       4.21373992E-05  2.43280389E-05 -1.76446475E-04
    0.00000000000000     0.00000000000000     0.00000000000000      -2.63738921E-13 -6.35541367E-04  5.44248563E-04
    0.00000000000000     0.00000000000000     0.00000000000000      -1.02290718E-14  2.06211681E-06 -3.59013506E-04
    0.00000000000000     0.00000000000000     0.00000000000000      -4.45901687E-04 -2.57441459E-04  2.76148776E-04
    0.00000000000000     0.00000000000000     0.00000000000000       5.19621292E-14  3.10477503E-05  2.16358116E-04
    0.00000000000000     0.00000000000000     0.00000000000000      -2.59139042E-05 -1.49613995E-05 -4.19426342E-04
    0.00000000000000     0.00000000000000     0.00000000000000       2.64866841E-14  3.61889839E-05 -5.78944648E-07
    0.00000000000000     0.00000000000000     0.00000000000000       1.72868812E-04  9.98058549E-05  2.73020690E-04
    0.00000000000000     0.00000000000000     0.00000000000000      -1.02290718E-13 -4.86560776E-05 -1.76446475E-04
    0.00000000000000     0.00000000000000     0.00000000000000       5.50394970E-04  3.17770685E-04  5.44248564E-04
    0.00000000000000     0.00000000000000     0.00000000000000       1.78584567E-06 -1.03105841E-06 -3.59013506E-04
   -0.00000000000000     0.00000000000000     0.00000000000000      -8.46718229E-14  2.81007772E-13  6.55335125E-05
    0.00000000000000     0.00000000000000     0.00000000000000       2.68881406E-05 -1.55238752E-05  2.16358116E-04
   -0.00000000000000     0.00000000000000     0.00000000000000      -1.23410057E-13  4.62058455E-14 -1.70135570E-04
    0.00000000000000     0.00000000000000     0.00000000000000       3.13405794E-05 -1.80944920E-05 -5.78944418E-07
   -0.00000000000000     0.00000000000000     0.00000000000000       1.29438597E-13 -1.25238066E-13  5.83456465E-05
    0.00000000000000     0.00000000000000     0.00000000000000      -4.21373995E-05  2.43280389E-05 -1.76446475E-04
   -0.00000000000000     0.00000000000000     0.00000000000000       8.07046543E-14 -7.35870872E-14  4.04949745E-04
# Filename: xfset/XFSET.zno_mlff05, Snapshot: 1
    0.00000000000000     0.00000000000000    -0.01889726124994       2.83325843E-12  2.16871881E-13  4.05982112E-03
    0.00000000000000     0.00000000000000     0.00000000000000      -4.42107396E-04  2.55250824E-04 -2.72604922E-04
    0.00000000000000     0.00000000000000     0.00000000000000       3.18190254E-13  4.47278807E-15 -2.35501632E-03
    0.00000000000000     0.00000000000000     0.00000000000000      -2.49477515E-05  1.44035911E-05  4.16794830E-04
    0.00000000000000     0.00000000000000     0.00000000000000      -1.07735852E-14 -3.21262865E-14 -3.96653092E-04
    0.00000000000000     0.00000000000000     0.00000000000000       1.72149115E-04 -9.93903380E-05 -2.75768313E-04
    0.00000000000000     0.00000000000000     0.00000000000000      -1.06063418E-13  4.58946950E-14  7.96352863E-05
    0.00000000000000     0.00000000000000     0.00000000000000       5.54157411E-04 -3.19942930E-04 -5.40720480E-04
    0.00000000000000     0.00000000000000     0.00000000000000       3.06793570E-06  1.77127342E-06  3.59303332E-04
    0.00000000000000     0.00000000000000     0.00000000000000      -1.30799881E-13 -5.10501648E-04 -2.72604922E-04
    0.00000000000000     0.00000000000000     0.00000000000000       2.71180604E-05  1.56566195E-05 -2.11850498E-04
    0.00000000000000     0.00000000000000     0.00000000000000       2.01080994E-14 -2.88071821E-05  4.16794830E-04
    0.00000000000000     0.00000000000000     0.00000000000000       3.27574741E-05  1.89125366E-05  4.04824047E-06
    0.00000000000000     0.00000000000000     0.00000000000000      -1.49235546E-13  1.98780676E-04 -2.75768313E-04
    0.00000000000000     0.00000000000000     0.00000000000000      -4.16337437E-05 -2.40372532E-05  1.75542927E-04
    0.00000000000000     0.00000000000000     0.00000000000000       2.59460602E-13  6.39885862E-04 -5.40720480E-04
    0.00000000000000     0.00000000000000     0.00000000000000       1.62576123E-14 -3.54254695E-06  3.59303333E-04
    0.00000000000000     0.00000000000000     0.00000000000000       4.42107396E-04  2.55250824E-04 -2.72604922E-04
    0.00000000000000     0.00000000000000     0.00000000000000      -5.04063769E-14 -3.13132389E-05 -2.11850498E-04
    0.00000000000000     0.00000000000000     0.00000000000000       2.49477516E-05  1.44035911E-05  4.16794830E-04
    0.00000000000000     0.00000000000000     0.00000000000000      -2.47753565E-14 -3.78250732E-05  4.04824087E-06
    0.00000000000000     0.00000000000000     0.00000000000000      -1.72149115E-04 -9.93903379E-05 -2.75768313E-04
    0.00000000000000     0.00000000000000     0.00000000000000       1.03029701E-13  4.80745063E-05  1.75542926E-04
    0.00000000000000     0.00000000000000     0.00000000000000      -5.54157414E-04 -3.19942932E-04 -5.40720480E-04
    0.00000000000000     0.00000000000000     0.00000000000000      -3.06793578E-06  1.77127348E-06  3.59303332E-04
   -0.00000000000000     0.00000000000000     0.00000000000000       8.51774424E-14 -2.81863436E-13 -5.90692391E-05
    0.00000000000000     0.00000000000000     0.00000000000000      -2.71180605E-05  1.56566195E-05 -2.11850498E-04
   -0.00000000000000     0.00000000000000     0.00000000000000       1.24615765E-13 -4.71781907E-14  1.76621004E-04
    0.00000000000000     0.00000000000000     0.00000000000000      -3.27574743E-05  1.89125366E-05  4.04824064E-06
   -0.00000000000000     0.00000000000000     0.00000000000000      -1.32005589E-13  1.25782579E-13 -6.60994321E-05
    0.00000000000000     0.00000000000000     0.00000000000000       4.16337439E-05 -2.40372532E-05  1.75542927E-04
   -0.00000000000000     0.00000000000000     0.00000000000000      -8.04712915E-14  7.82154505E-14 -4.03474677E-04
# Filename: xfset/XFSET.zno_mlff06, Snapshot: 1
    0.00000000000000     0.00000000000000     0.00000000000000       1.41523549E-04  6.07934060E-07  1.19431488E-05
    0.00000000000000     0.00000000000000     0.00000000000000       1.59056086E-03 -9.22940413E-04  5.74023561E-04
    0.01889726124994     0.00000000000000     0.00000000000000      -4.82103035E-03  7.91289589E-05 -4.65020259E-05
    0.00000000000000     0.00000000000000     0.00000000000000       1.04196120E-04 -1.06159432E-04  3.75019268E-04
    0.00000000000000     0.00000000000000     0.00000000000000       1.87891892E-05 -2.83137457E-07 -4.84358158E-06
    0.00000000000000     0.00000000000000     0.00000000000000       2.85859185E-05 -3.67870906E-05 -2.51744847E-05
    0.00000000000000     0.00000000000000     0.00000000000000      -3.91809081E-05 -1.08177237E-07  1.32957204E-08
    0.00000000000000     0.00000000000000     0.00000000000000       1.04461534E-04 -1.04615982E-04 -1.48756239E-04
    0.00000000000000     0.00000000000000     0.00000000000000      -8.00942797E-05 -1.19470981E-05 -2.67073212E-05
    0.00000000000000     0.00000000000000     0.00000000000000       2.35975818E-06 -1.07299633E-05 -4.97210773E-06
    0.00000000000000     0.00000000000000     0.00000000000000       2.01047998E-04 -5.22783236E-04  8.25615400E-06
    0.00000000000000     0.00000000000000     0.00000000000000      -7.78180547E-05  1.41894432E-06 -3.17278553E-08
    0.00000000000000     0.00000000000000     0.00000000000000       6.27619512E-06  5.40305806E-05  3.97590394E-05
    0.00000000000000     0.00000000000000     0.00000000000000      -3.56304761E-05 -4.70184439E-07  9.39039581E-07
    0.00000000000000     0.00000000000000     0.00000000000000      -3.56642428E-05 -3.96714674E-05 -3.72463729E-06
    0.00000000000000     0.00000000000000     0.00000000000000      -7.78087635E-05 -1.33241417E-08 -1.11551392E-08
    0.00000000000000     0.00000000000000     0.00000000000000      -6.02405037E-05 -5.42110720E-07  3.09578503E-06
    0.00000000000000     0.00000000000000     0.00000000000000       1.50086946E-03  8.59623843E-04 -5.31017997E-04
    0.00000000000000     0.00000000000000     0.00000000000000       1.10553361E-03 -1.98543824E-06  2.73132731E-06
    0.00000000000000     0.00000000000000     0.00000000000000       1.02102896E-04  1.02827951E-04 -3.72064261E-04
    0.00000000000000     0.00000000000000     0.00000000000000      -8.68760645E-05  8.23398329E-07 -6.67811585E-07
    0.00000000000000     0.00000000000000     0.00000000000000       2.87694612E-05  3.74845276E-05  2.56766458E-05
    0.00000000000000     0.00000000000000     0.00000000000000       3.32765958E-05 -6.36031162E-08  3.11193009E-08
    0.00000000000000     0.00000000000000     0.00000000000000       1.01842228E-04  1.04367509E-04  1.44843354E-04
    0.00000000000000     0.00000000000000     0.00000000000000      -8.18234507E-05  1.19467296E-05  2.72684397E-05
   -0.00000000000000     0.00000000000000     0.00000000000000       3.60385947E-05 -1.27070314E-06  3.11868719E-07
    0.00000000000000     0.00000000000000     0.00000000000000       1.98023078E-04  5.23317877E-04 -5.11275038E-06
   -0.00000000000000     0.00000000000000     0.00000000000000       3.43547475E-05  4.70487149E-07 -6.08407002E-07
    0.00000000000000     0.00000000000000     0.00000000000000       8.15676037E-06 -5.46254223E-05 -4.40407526E-05
   -0.00000000000000     0.00000000000000     0.00000000000000       5.05866402E-05 -5.41920537E-09 -1.73530836E-06
    0.00000000000000     0.00000000000000     0.00000000000000      -3.55354343E-05  3.98613591E-05  2.65400240E-06
   -0.00000000000000     0.00000000000000     0.00000000000000       3.43473314E-05 -9.07897295E-07 -5.95479321E-07
# Filename: xfset/XFSET.zno_mlff07, Snapshot: 1
    0.00000000000000     0.00000000000000     0.00000000000000      -7.76709372E-14  1.40916163E-04  1.19880311E-05
    0.00000000000000     0.00000000000000     0.00000000000000      -8.78877849E-04  5.15414724E-04 -3.15016385E-04
    0.00000000000000     0.01889726124994     0.00000000000000      -4.94600905E-12 -4.90016461E-03 -4.69330860E-05
    0.00000000000000     0.00000000000000     0.00000000000000      -1.02702524E-04 -1.74682689E-05 -2.15188547E-04
    0.00000000000000     0.00000000000000     0.00000000000000       1.27571695E-14  1.90723630E-05 -4.85421034E-06
    0.00000000000000     0.00000000000000     0.00000000000000      -3.76023774E-05 -1.42207406E-05  1.53869403E-05
    0.00000000000000     0.00000000000000     0.00000000000000       1.47796475E-14 -3.90727078E-05  2.46786480E-08
    0.00000000000000     0.00000000000000     0.00000000000000      -1.04418251E-04 -1.81628160E-05  8.40871970E-05
    0.00000000000000     0.00000000000000     0.00000000000000      -1.16433827E-05 -6.64721017E-05 -1.34209216E-05
    0.00000000000000     0.00000000000000     0.00000000000000       5.40935100E-13  2.13701009E-03  6.68455601E-04
    0.00000000000000     0.00000000000000     0.00000000000000      -5.21761331E-04  8.04884929E-04  6.21192337E-06
    0.00000000000000     0.00000000000000     0.00000000000000      -3.88938093E-17  1.65330149E-04  4.33314016E-04
    0.00000000000000     0.00000000000000     0.00000000000000       5.36806386E-05 -5.61311351E-05  2.30279014E-05
    0.00000000000000     0.00000000000000     0.00000000000000      -3.30597379E-15  4.99391449E-05 -2.93390854E-05
    0.00000000000000     0.00000000000000     0.00000000000000      -3.96738378E-05  1.02391356E-05 -2.00098947E-06
    0.00000000000000     0.00000000000000     0.00000000000000      -6.88031487E-14  1.65082674E-04 -1.72123026E-04
    0.00000000000000     0.00000000000000     0.00000000000000      -1.89801789E-14 -8.86715568E-05  3.05083035E-05
    0.00000000000000     0.00000000000000     0.00000000000000       8.78877853E-04  5.15414726E-04 -3.15016387E-04
    0.00000000000000     0.00000000000000     0.00000000000000       1.36128333E-13 -1.03713571E-04 -6.52573043E-06
    0.00000000000000     0.00000000000000     0.00000000000000       1.02702524E-04 -1.74682689E-05 -2.15188547E-04
    0.00000000000000     0.00000000000000     0.00000000000000      -5.33234126E-14  3.95906525E-05 -5.10180207E-05
    0.00000000000000     0.00000000000000     0.00000000000000       3.76023775E-05 -1.42207406E-05  1.53869403E-05
    0.00000000000000     0.00000000000000     0.00000000000000      -1.36128333E-15 -5.85276179E-05  2.95638990E-06
    0.00000000000000     0.00000000000000     0.00000000000000       1.04418251E-04 -1.81628159E-05  8.40871972E-05
    0.00000000000000     0.00000000000000     0.00000000000000       1.16433827E-05 -6.64721016E-05 -1.34209215E-05
   -0.00000000000000     0.00000000000000     0.00000000000000       9.00780624E-14  3.73092050E-05  3.09065570E-07
    0.00000000000000     0.00000000000000     0.00000000000000       5.21761331E-04  8.04884929E-04  6.21192343E-06
   -0.00000000000000     0.00000000000000     0.00000000000000       8.98446995E-15  3.38845825E-05 -5.98408647E-07
    0.00000000000000     0.00000000000000     0.00000000000000      -5.36806385E-05 -5.61311351E-05  2.30279015E-05
   -0.00000000000000     0.00000000000000     0.00000000000000      -4.58946950E-14  5.05921212E-05 -1.75059641E-06
    0.00000000000000     0.00000000000000     0.00000000000000       3.96738378E-05  1.02391356E-05 -2.00098952E-06
   -0.00000000000000     0.00000000000000     0.00000000000000       9.17893900E-15  3.52554582E-05 -5.88157555E-07
# Filename: xfset/XFSET.zno_mlff08, Snapshot: 1
    0.00000000000000     0.00000000000000     0.00000000000000       7.91489019E-14 -1.42130937E-04  1.18982671E-05
    0.00000000000000     0.00000000000000     0.00000000000000       9.03038964E-04 -5.17834625E-04  3.22720094E-04
    0.00000000000000    -0.01889726124994     0.00000000000000       4.98840330E-12  4.74189630E-03 -4.60709724E-05
    0.00000000000000     0.00000000000000     0.00000000000000       1.06264202E-04  1.75347246E-05  2.16131234E-04
    0.00000000000000     0.00000000000000     0.00000000000000      -1.57908866E-14 -1.85060211E-05 -4.83295300E-06
    0.00000000000000     0.00000000000000     0.00000000000000       3.66568533E-05  1.41752528E-05 -1.39677026E-05
    0.00000000000000     0.00000000000000     0.00000000000000      -1.29905323E-14  3.92891085E-05  1.91276479E-09
    0.00000000000000     0.00000000000000     0.00000000000000       1.04546277E-04  1.68252298E-05 -8.54062135E-05
    0.00000000000000     0.00000000000000     0.00000000000000       1.22692706E-05  6.78320180E-05  1.77356270E-05
    0.00000000000000     0.00000000000000     0.00000000000000      -5.28255718E-13 -1.98407156E-03 -6.07796100E-04
    0.00000000000000     0.00000000000000     0.00000000000000       5.24362294E-04 -8.02170586E-04 -1.52220670E-06
    0.00000000000000     0.00000000000000     0.00000000000000       1.71132761E-15 -1.61637761E-04 -4.29352831E-04
    0.00000000000000     0.00000000000000     0.00000000000000      -5.49747453E-05  5.48929910E-05 -2.53454702E-05
    0.00000000000000     0.00000000000000     0.00000000000000       3.85048712E-15 -5.03026478E-05  2.93830112E-05
    0.00000000000000     0.00000000000000     0.00000000000000       3.98568718E-05 -1.03976559E-05  1.68576781E-06
    0.00000000000000     0.00000000000000     0.00000000000000       6.78696972E-14 -1.61883413E-04  1.66912976E-04
    0.00000000000000     0.00000000000000     0.00000000000000       1.87079223E-14  8.70366772E-05 -3.18239077E-05
    0.00000000000000     0.00000000000000     0.00000000000000      -9.03038968E-04 -5.17834627E-04  3.22720096E-04
    0.00000000000000     0.00000000000000     0.00000000000000      -1.28271783E-13  1.01188077E-04  8.89575925E-06
    0.00000000000000     0.00000000000000     0.00000000000000      -1.06264202E-04  1.75347246E-05  2.16131234E-04
    0.00000000000000     0.00000000000000     0.00000000000000       5.50347402E-14 -3.75713820E-05  4.57541093E-05
    0.00000000000000     0.00000000000000     0.00000000000000      -3.66568534E-05  1.41752528E-05 -1.39677026E-05
    0.00000000000000     0.00000000000000     0.00000000000000       2.52809761E-15  5.85921269E-05 -4.40497771E-06
    0.00000000000000     0.00000000000000     0.00000000000000      -1.04546277E-04  1.68252298E-05 -8.54062136E-05
    0.00000000000000     0.00000000000000     0.00000000000000      -1.22692706E-05  6.78320180E-05  1.77356270E-05
   -0.00000000000000     0.00000000000000     0.00000000000000      -8.94946552E-14 -3.47679934E-05  3.14672084E-07
    0.00000000000000     0.00000000000000     0.00000000000000      -5.24362294E-04 -8.02170586E-04 -1.52220677E-06
   -0.00000000000000     0.00000000000000     0.00000000000000      -6.80641663E-15 -3.48249119E-05 -6.18405582E-07
    0.00000000000000     0.00000000000000     0.00000000000000       5.49747452E-05  5.48929910E-05 -2.53454702E-05
   -0.00000000000000     0.00000000000000     0.00000000000000       4.81505359E-14 -5.05811589E-05 -1.72002058E-06
    0.00000000000000     0.00000000000000     0.00000000000000      -3.98568718E-05 -1.03976559E-05  1.68576786E-06
   -0.00000000000000     0.00000000000000     0.00000000000000      -6.57305377E-15 -3.34392047E-05 -6.02801015E-07
# Filename: xfset/XFSET.zno_mlff09, Snapshot: 1
    0.00000000000000     0.00000000000000     0.00000000000000       1.87234798E-13 -2.71867727E-14  2.35668099E-03
    0.00000000000000     0.00000000000000     0.00000000000000       4.89725913E-04 -2.82743388E-04  5.39026903E-04
    0.00000000000000     0.00000000000000     0.01889726124994       2.75834896E-12  5.93402849E-13 -5.16111322E-03
    0.00000000000000     0.00000000000000     0.00000000000000       1.50362709E-04 -8.68119505E-05  3.24748462E-04
    0.00000000000000     0.00000000000000     0.00000000000000       1.22243243E-13 -1.64637495E-13 -8.02811176E-05
    0.00000000000000     0.00000000000000     0.00000000000000      -9.91705661E-06  5.72561534E-06 -4.14625278E-04
    0.00000000000000     0.00000000000000     0.00000000000000       2.66811532E-14 -1.38850899E-14  2.80057597E-04
    0.00000000000000     0.00000000000000     0.00000000000000      -3.69289163E-04  2.13209198E-04  3.18975927E-04
    0.00000000000000     0.00000000000000     0.00000000000000      -8.11083191E-05 -4.68279099E-05  2.12625384E-04
    0.00000000000000     0.00000000000000     0.00000000000000       3.34914592E-13  5.65486777E-04  5.39026904E-04
    0.00000000000000     0.00000000000000     0.00000000000000       6.18686820E-06  3.57198999E-06 -3.62992777E-04
    0.00000000000000     0.00000000000000     0.00000000000000      -2.29473475E-14  1.73623901E-04  3.24748462E-04
    0.00000000000000     0.00000000000000     0.00000000000000      -8.85174613E-06 -5.11055801E-06 -1.75054100E-04
    0.00000000000000     0.00000000000000     0.00000000000000      -3.88160217E-14 -1.14512304E-05 -4.14625278E-04
    0.00000000000000     0.00000000000000     0.00000000000000      -3.04336034E-06 -1.75708488E-06  3.51164435E-04
    0.00000000000000     0.00000000000000     0.00000000000000      -1.65687628E-14 -4.26418396E-04  3.18975927E-04
    0.00000000000000     0.00000000000000     0.00000000000000       2.60977460E-14  9.36558196E-05  2.12625384E-04
    0.00000000000000     0.00000000000000     0.00000000000000      -4.89725916E-04 -2.82743390E-04  5.39026904E-04
    0.00000000000000     0.00000000000000     0.00000000000000      -4.62836331E-15 -7.14398004E-06 -3.62992777E-04
    0.00000000000000     0.00000000000000     0.00000000000000      -1.50362709E-04 -8.68119506E-05  3.24748462E-04
    0.00000000000000     0.00000000000000     0.00000000000000       5.37123507E-14  1.02211160E-05 -1.75054099E-04
    0.00000000000000     0.00000000000000     0.00000000000000       9.91705655E-06  5.72561535E-06 -4.14625278E-04
    0.00000000000000     0.00000000000000     0.00000000000000      -2.90536756E-14  3.51416972E-06  3.51164435E-04
    0.00000000000000     0.00000000000000     0.00000000000000       3.69289163E-04  2.13209198E-04  3.18975927E-04
    0.00000000000000     0.00000000000000     0.00000000000000       8.11083191E-05 -4.68279099E-05  2.12625384E-04
   -0.00000000000000     0.00000000000000     0.00000000000000       2.80035427E-15 -7.78265124E-14  4.07372740E-04
    0.00000000000000     0.00000000000000     0.00000000000000      -6.18686833E-06  3.57199005E-06 -3.62992777E-04
   -0.00000000000000     0.00000000000000     0.00000000000000       1.31072137E-14  3.27096936E-14 -4.97308308E-06
    0.00000000000000     0.00000000000000     0.00000000000000       8.85174614E-06 -5.11055796E-06 -1.75054100E-04
   -0.00000000000000     0.00000000000000     0.00000000000000       2.06137189E-14 -6.33969092E-14 -1.76507369E-04
    0.00000000000000     0.00000000000000     0.00000000000000       3.04336035E-06 -1.75708492E-06  3.51164435E-04
   -0.00000000000000     0.00000000000000     0.00000000000000      -1.09719436E-13  1.43440369E-13 -2.84341281E-06
# Filename: xfset/XFSET.zno_mlff10, Snapshot: 1
    0.00000000000000     0.00000000000000     0.00000000000000      -1.74127584E-13  2.71478789E-14 -2.53066400E-03
    0.00000000000000     0.00000000000000     0.00000000000000      -4.90889097E-04  2.83414952E-04 -5.46141350E-04
    0.00000000000000     0.00000000000000    -0.01889726124994      -2.74990900E-12 -6.09660461E-13  5.34541131E-03
    0.00000000000000     0.00000000000000     0.00000000000000      -1.43305919E-04  8.27377106E-05 -3.20564790E-04
    0.00000000000000     0.00000000000000     0.00000000000000      -1.24576871E-13  1.65220902E-13  8.09646137E-05
    0.00000000000000     0.00000000000000     0.00000000000000       8.80608466E-06 -5.08419538E-06  4.21616128E-04
    0.00000000000000     0.00000000000000     0.00000000000000      -2.52809761E-14  1.28349571E-14 -2.82682570E-04
    0.00000000000000     0.00000000000000     0.00000000000000       3.77750023E-04 -2.18094078E-04 -3.26247027E-04
    0.00000000000000     0.00000000000000     0.00000000000000       7.99245155E-05  4.61444406E-05 -2.15489833E-04
    0.00000000000000     0.00000000000000     0.00000000000000      -3.41993265E-13 -5.66829906E-04 -5.46141350E-04
    0.00000000000000     0.00000000000000     0.00000000000000      -7.20755544E-06 -4.16128404E-06  3.66480640E-04
    0.00000000000000     0.00000000000000     0.00000000000000       2.43864184E-14 -1.65475422E-04 -3.20564791E-04
    0.00000000000000     0.00000000000000     0.00000000000000       9.04082247E-06  5.21972129E-06  1.77067131E-04
    0.00000000000000     0.00000000000000     0.00000000000000       4.07218183E-14  1.01683905E-05  4.21616128E-04
    0.00000000000000     0.00000000000000     0.00000000000000       3.37747804E-06  1.94998783E-06 -3.52215441E-04
    0.00000000000000     0.00000000000000     0.00000000000000       1.50130104E-14  4.36188155E-04 -3.26247027E-04
    0.00000000000000     0.00000000000000     0.00000000000000      -2.31418165E-14 -9.22888810E-05 -2.15489833E-04
    0.00000000000000     0.00000000000000     0.00000000000000       4.90889100E-04  2.83414954E-04 -5.46141351E-04
    0.00000000000000     0.00000000000000     0.00000000000000       8.82889471E-15  8.32256814E-06  3.66480640E-04
    0.00000000000000     0.00000000000000     0.00000000000000       1.43305919E-04  8.27377108E-05 -3.20564791E-04
    0.00000000000000     0.00000000000000     0.00000000000000      -5.21565983E-14 -1.04394425E-05  1.77067131E-04
    0.00000000000000     0.00000000000000     0.00000000000000      -8.80608460E-06 -5.08419539E-06  4.21616128E-04
    0.00000000000000     0.00000000000000     0.00000000000000       3.06872155E-14 -3.89997562E-06 -3.52215441E-04
    0.00000000000000     0.00000000000000     0.00000000000000      -3.77750023E-04 -2.18094078E-04 -3.26247027E-04
    0.00000000000000     0.00000000000000     0.00000000000000      -7.99245155E-05  4.61444405E-05 -2.15489833E-04
   -0.00000000000000     0.00000000000000     0.00000000000000       6.22300949E-16  7.56484591E-14 -4.01069065E-04
    0.00000000000000     0.00000000000000     0.00000000000000       7.20755556E-06 -4.16128410E-06  3.66480640E-04
   -0.00000000000000     0.00000000000000     0.00000000000000      -1.17070366E-14 -3.13484103E-14  9.39586338E-07
    0.00000000000000     0.00000000000000     0.00000000000000      -9.04082249E-06  5.21972124E-06  1.77067131E-04
   -0.00000000000000     0.00000000000000     0.00000000000000      -1.70354885E-14  5.92352716E-14  1.70149834E-04
    0.00000000000000     0.00000000000000     0.00000000000000      -3.37747805E-06  1.94998787E-06 -3.52215441E-04
   -0.00000000000000     0.00000000000000     0.00000000000000       1.11741914E-13 -1.47329750E-13  3.43391370E-06
